versioninfo
{
	"editorversion" "400"
	"editorbuild" "3576"
	"mapversion" "1"
	"formatversion" "100"
	"prefab" "0"
}
visgroups
{
}
viewsettings
{
	"bSnapToGrid" "1"
	"bShowGrid" "1"
	"bShowLogicalGrid" "0"
	"nGridSpacing" "64"
	"bShow3DGrid" "0"
}
world
{
	"id" "1"
	"mapversion" "1"
	"classname" "worldspawn"
	"skyname" "sky_day01_01"
	"maxpropscreenwidth" "-1"
	"detailvbsp" "detail.vbsp"
	"detailmaterial" "detail/detailsprites"
	solid
	{
		"id" "2"
		side
		{
			"id" "1"
			"plane" "(0 0 0) (0 453.7482 0) (453.7482 453.7482 0)"
			"material" "CONCRETE/CONCRETEFLOOR005A"
			"uaxis" "[1 0 0 0] 0.25"
			"vaxis" "[0 -1 0 0] 0.25"
			"rotation" "0"
			"lightmapscale" "16"
			"smoothing_groups" "0"
			dispinfo
			{
				"power" "3"
				"startposition" "[0 0 0]"
				"flags" "0"
				"elevation" "0"
				"subdiv" "0"
				normals
				{
					"row0" "0.7071068 0.7071068 0 0.896204 0.4436422 0 0.8412954 -0.5405757 0 0.2742498 -0.9616585 0 0.00434135 -0.9999906 0 -0.2648808 -0.9642812 0 -0.8372485 -0.5468225 0 -0.8946165 0.4468349 0 -0.7051635 0.7090448 0"
					"row1" "0.4436422 0.896204 0 0.7071068 0.7071068 0 0.971548 0.2368428 0 0.3992303 -0.9168506 0 0.00579681 -0.9999833 0 -0.3867756 -0.9221738 0 -0.9707505 0.2400905 0 -0.7044954 0.7097086 0 -0.4371994 0.8993646 0"
					"row2" "-0.5405757 0.8412954 0 0.2368428 0.971548 0 0.7071068 0.7071068 0 0.8704085 -0.4923303 0 0.0087203 -0.999962 0 -0.8633817 -0.5045514 0 -0.7185441 0.6954814 0 -0.2236303 0.974674 0 0.5110001 0.8595806 0"
					"row3" "-0.9616585 0.2742498 0 -0.9168506 0.3992303 0 -0.4923303 0.8704085 0 0.7071068 0.7071068 0 0.01759198 -0.9998452 0 -0.6994694 0.7146625 0 0.5130621 0.8583515 0 0.9094552 0.4158019 0 0.9624065 0.2716134 0"
					"row4" "-0.9999906 0.00434135 0 -0.9999833 0.00579681 0 -0.999962 0.0087203 0 -0.9998452 0.01759198 0 0.7071068 0.7071068 0 0.9998556 0.01699415 0 0.9999633 0.00857083 0 0.9999836 0.00573037 0 0.9999908 0.00430398 0"
					"row5" "-0.9642812 -0.2648808 0 -0.9221738 -0.3867756 0 -0.5045514 -0.8633817 0 0.7146625 -0.6994694 0 0.01699415 0.9998556 0 -0.7071068 -0.7071068 0 0.5254347 -0.8508339 0 0.9151872 -0.4030291 0 0.9649808 -0.2623208 0"
					"row6" "-0.5468225 -0.8372485 0 0.2400905 -0.9707505 0 0.6954814 -0.7185441 0 0.8583515 0.5130621 0 0.00857083 0.9999633 0 -0.8508339 0.5254347 0 -0.7071068 -0.7071068 0 -0.226717 -0.9739607 0 0.5171692 -0.8558831 0"
					"row7" "0.4468349 -0.8946165 0 0.7097086 -0.7044954 0 0.974674 -0.2236303 0 0.4158019 0.9094552 0 0.00573037 0.9999836 0 -0.4030291 0.9151872 0 -0.9739607 -0.226717 0 -0.7071068 -0.7071068 0 -0.4403681 -0.8978173 0"
					"row8" "0.7090448 -0.7051635 0 0.8993646 -0.4371994 0 0.8595806 0.5110001 0 0.2716134 0.9624065 0 0.00430398 0.9999908 0 -0.2623208 0.9649808 0 -0.8558831 0.5171692 0 -0.8978173 -0.4403681 0 -0.7071068 -0.7071068 0"
				}
				distances
				{
					"row0" "65.05383 31.55696 18.49879 24.95688 29.00027 24.88901 18.28747 31.33149 64.87601"
					"row1" "31.55696 48.48133 18.07729 17.14404 21.71889 17.04508 17.83276 48.3036 31.44606"
					"row2" "18.49879 18.07729 31.90883 9.012344 14.4376 8.794049 32.44221 18.01931 18.10528"
					"row3" "24.95688 17.14404 9.012344 16.75054 7.156686 16.57345 9.138938 16.46077 25.19913"
					"row4" "29.00027 21.71889 14.4376 7.156686 0.1780499 7.408449 14.68938 21.9707 29.25207"
					"row5" "24.88901 17.04508 8.794049 16.57345 7.408449 16.39444 8.92374 16.35768 25.1319"
					"row6" "18.28747 17.83276 32.44221 9.138938 14.68938 8.92374 32.96695 17.77398 17.88931"
					"row7" "31.33149 48.3036 18.01931 16.46077 21.9707 16.35768 17.77398 48.12521 31.21979"
					"row8" "64.87601 31.44606 18.10528 25.19913 29.25207 25.1319 17.88931 31.21979 64.69772"
				}
				offsets
				{
					"row0" "0 0 0 0 0 0 0 0 0 0 0 0 0 0 0 0 0 0 0 0 0 0 0 0 0 0 0"
					"row1" "0 0 0 0 0 0 0 0 0 0 0 0 0 0 0 0 0 0 0 0 0 0 0 0 0 0 0"
					"row2" "0 0 0 0 0 0 0 0 0 0 0 0 0 0 0 0 0 0 0 0 0 0 0 0 0 0 0"
					"row3" "0 0 0 0 0 0 0 0 0 0 0 0 0 0 0 0 0 0 0 0 0 0 0 0 0 0 0"
					"row4" "0 0 0 0 0 0 0 0 0 0 0 0 0 0 0 0 0 0 0 0 0 0 0 0 0 0 0"
					"row5" "0 0 0 0 0 0 0 0 0 0 0 0 0 0 0 0 0 0 0 0 0 0 0 0 0 0 0"
					"row6" "0 0 0 0 0 0 0 0 0 0 0 0 0 0 0 0 0 0 0 0 0 0 0 0 0 0 0"
					"row7" "0 0 0 0 0 0 0 0 0 0 0 0 0 0 0 0 0 0 0 0 0 0 0 0 0 0 0"
					"row8" "0 0 0 0 0 0 0 0 0 0 0 0 0 0 0 0 0 0 0 0 0 0 0 0 0 0 0"
				}
				offset_normals
				{
					"row0" "0 0 1 0 0 1 0 0 1 0 0 1 0 0 1 0 0 1 0 0 1 0 0 1 0 0 1"
					"row1" "0 0 1 0 0 1 0 0 1 0 0 1 0 0 1 0 0 1 0 0 1 0 0 1 0 0 1"
					"row2" "0 0 1 0 0 1 0 0 1 0 0 1 0 0 1 0 0 1 0 0 1 0 0 1 0 0 1"
					"row3" "0 0 1 0 0 1 0 0 1 0 0 1 0 0 1 0 0 1 0 0 1 0 0 1 0 0 1"
					"row4" "0 0 1 0 0 1 0 0 1 0 0 1 0 0 1 0 0 1 0 0 1 0 0 1 0 0 1"
					"row5" "0 0 1 0 0 1 0 0 1 0 0 1 0 0 1 0 0 1 0 0 1 0 0 1 0 0 1"
					"row6" "0 0 1 0 0 1 0 0 1 0 0 1 0 0 1 0 0 1 0 0 1 0 0 1 0 0 1"
					"row7" "0 0 1 0 0 1 0 0 1 0 0 1 0 0 1 0 0 1 0 0 1 0 0 1 0 0 1"
					"row8" "0 0 1 0 0 1 0 0 1 0 0 1 0 0 1 0 0 1 0 0 1 0 0 1 0 0 1"
				}
				alphas
				{
					"row0" "0 0 0 0 0 0 0 0 0"
					"row1" "0 0 0 0 0 0 0 0 0"
					"row2" "0 0 0 0 0 0 0 0 0"
					"row3" "0 0 0 0 0 0 0 0 0"
					"row4" "0 0 0 0 0 0 0 0 0"
					"row5" "0 0 0 0 0 0 0 0 0"
					"row6" "0 0 0 0 0 0 0 0 0"
					"row7" "0 0 0 0 0 0 0 0 0"
					"row8" "0 0 0 0 0 0 0 0 0"
				}
				triangle_tags
				{
					"row0" "0 0 0 0 0 0 0 0 0 0 0 0 0 0 0 0"
					"row1" "0 0 0 0 0 0 0 0 0 0 0 0 0 0 0 0"
					"row2" "0 0 0 0 0 0 0 0 0 0 0 0 0 0 0 0"
					"row3" "0 0 0 0 0 0 0 0 0 0 0 0 0 0 0 0"
					"row4" "0 0 0 0 0 0 0 0 0 0 0 0 0 0 0 0"
					"row5" "0 0 0 0 0 0 0 0 0 0 0 0 0 0 0 0"
					"row6" "0 0 0 0 0 0 0 0 0 0 0 0 0 0 0 0"
					"row7" "0 0 0 0 0 0 0 0 0 0 0 0 0 0 0 0"
				}
				allowed_verts
				{
					"10" "-1 -1 -1 -1 -1 -1 -1 -1 -1 -1"
				}
			}
		}
		side
		{
			"id" "2"
			"plane" "(0 453.7482 -64) (0 0 -64) (453.7482 0 -64)"
			"material" "CONCRETE/CONCRETEFLOOR005A"
			"uaxis" "[1 0 0 0] 0.25"
			"vaxis" "[0 -1 0 0] 0.25"
			"rotation" "0"
			"lightmapscale" "16"
			"smoothing_groups" "0"
		}
		side
		{
			"id" "3"
			"plane" "(0 0 -64) (0 453.7482 -64) (0 453.7482 0)"
			"material" "CONCRETE/CONCRETEFLOOR005A"
			"uaxis" "[0 1 0 0] 0.25"
			"vaxis" "[0 0 -1 0] 0.25"
			"rotation" "0"
			"lightmapscale" "16"
			"smoothing_groups" "0"
		}
		side
		{
			"id" "4"
			"plane" "(453.7482 453.7482 -64) (453.7482 0 -64) (453.7482 0 0)"
			"material" "CONCRETE/CONCRETEFLOOR005A"
			"uaxis" "[0 1 0 0] 0.25"
			"vaxis" "[0 0 -1 0] 0.25"
			"rotation" "0"
			"lightmapscale" "16"
			"smoothing_groups" "0"
		}
		side
		{
			"id" "5"
			"plane" "(0 453.7482 -64) (453.7482 453.7482 -64) (453.7482 453.7482 0)"
			"material" "CONCRETE/CONCRETEFLOOR005A"
			"uaxis" "[1 0 0 0] 0.25"
			"vaxis" "[0 0 -1 0] 0.25"
			"rotation" "0"
			"lightmapscale" "16"
			"smoothing_groups" "0"
		}
		side
		{
			"id" "6"
			"plane" "(453.7482 0 -64) (0 0 -64) (0 0 0)"
			"material" "CONCRETE/CONCRETEFLOOR005A"
			"uaxis" "[1 0 0 0] 0.25"
			"vaxis" "[0 0 -1 0] 0.25"
			"rotation" "0"
			"lightmapscale" "16"
			"smoothing_groups" "0"
		}
		editor
		{
			"color" "0 173 190"
			"visgroupshown" "1"
			"visgroupautoshown" "1"
		}
	}
}
cameras
{
	"activecamera" "-1"
}
cordon
{
	"mins" "(-1024 -1024 -1024)"
	"maxs" "(1024 1024 1024)"
	"active" "0"
}
