versioninfo
{
	"editorversion" "400"
	"editorbuild" "3576"
	"mapversion" "1"
	"formatversion" "100"
	"prefab" "0"
}
visgroups
{
}
viewsettings
{
	"bSnapToGrid" "1"
	"bShowGrid" "1"
	"bShowLogicalGrid" "0"
	"nGridSpacing" "64"
	"bShow3DGrid" "0"
}
world
{
	"id" "1"
	"mapversion" "1"
	"classname" "worldspawn"
	"skyname" "sky_day01_01"
	"maxpropscreenwidth" "-1"
	"detailvbsp" "detail.vbsp"
	"detailmaterial" "detail/detailsprites"
	solid
	{
		"id" "2"
		side
		{
			"id" "1"
			"plane" "(0 0 0) (0 907.4964 0) (907.4964 907.4964 0)"
			"material" "CONCRETE/CONCRETEFLOOR005A"
			"uaxis" "[1 0 0 0] 0.25"
			"vaxis" "[0 -1 0 0] 0.25"
			"rotation" "0"
			"lightmapscale" "16"
			"smoothing_groups" "0"
			dispinfo
			{
				"power" "3"
				"startposition" "[0 0 0]"
				"flags" "0"
				"elevation" "0"
				"subdiv" "0"
				normals
				{
					"row0" "0.7071068 0.7071068 0 0.8930179 0.4500211 0 0.8535426 -0.521023 0 0.2742498 -0.9616585 0 0.00434135 -0.9999906 0 -0.2648808 -0.9642812 0 -0.8497266 -0.5272236 0 -0.8946165 0.4468349 0 -0.7051635 0.7090448 0"
					"row1" "0.4500211 0.8930179 0 0.7071068 0.7071068 0 0.9775968 0.2104862 0 0.4101696 -0.9120092 0 0.00579681 -0.9999833 0 -0.4224278 -0.9063966 0 -0.9769629 0.2134092 0 -0.7096525 0.7045518 0 -0.4563493 0.8898007 0"
					"row2" "-0.521023 0.8535426 0 0.2104862 0.9775968 0 0.7071068 0.7071068 0 0.8463316 -0.5326564 0 0.0087203 -0.999962 0 -0.8383504 -0.5451316 0 -0.703215 0.7109772 0 -0.2236303 0.974674 0 0.5309757 0.847387 0"
					"row3" "-0.9616585 0.2742498 0 -0.9120092 0.4101696 0 -0.5326564 0.8463316 0 0.7071068 0.7071068 0 0.01759198 -0.9998452 0 -0.7147165 0.6994143 0 0.5130621 0.8583515 0 0.9144966 0.4045937 0 0.9624065 0.2716134 0"
					"row4" "-0.9999906 0.00434135 0 -0.9999833 0.00579681 0 -0.999962 0.0087203 0 -0.9998452 0.01759198 0 0.7071068 0.7071068 0 0.9998556 0.01699415 0 0.9999633 0.00857083 0 0.9999836 0.00573037 0 0.9999908 0.00430398 0"
					"row5" "-0.9642812 -0.2648808 0 -0.9063966 -0.4224278 0 -0.5451316 -0.8383504 0 0.6994143 -0.7147165 0 0.01699415 0.9998556 0 -0.7071068 -0.7071068 0 0.5254347 -0.8508339 0 0.9090192 -0.4167542 0 0.9649808 -0.2623208 0"
					"row6" "-0.5272236 -0.8497266 0 0.2134092 -0.9769629 0 0.7109772 -0.703215 0 0.8583515 0.5130621 0 0.00857083 0.9999633 0 -0.8508339 0.5254347 0 -0.7071068 -0.7071068 0 -0.226717 -0.9739607 0 0.5372024 -0.8434535 0"
					"row7" "0.4468349 -0.8946165 0 0.7045518 -0.7096525 0 0.974674 -0.2236303 0 0.4045937 0.9144966 0 0.00573037 0.9999836 0 -0.4167542 0.9090192 0 -0.9739607 -0.226717 0 -0.7071068 -0.7071068 0 -0.4531412 -0.8914387 0"
					"row8" "0.7090448 -0.7051635 0 0.8898007 -0.4563493 0 0.847387 0.5309757 0 0.2716134 0.9624065 0 0.00430398 0.9999908 0 -0.2623208 0.9649808 0 -0.8434535 0.5372024 0 -0.8914387 -0.4531412 0 -0.7071068 -0.7071068 0"
				}
				distances
				{
					"row0" "130.1077 62.2193 36.46672 49.91377 58.00055 49.77801 36.03784 62.66297 129.752"
					"row1" "62.2193 96.96265 35.93087 33.37362 43.43778 33.58028 35.43872 97.31428 62.44426"
					"row2" "36.46672 35.93087 65.23187 18.53747 28.8752 18.11324 64.87676 36.03861 36.73162"
					"row3" "49.91377 33.37362 18.53747 32.08687 14.31337 32.43977 18.27788 33.83356 50.39825"
					"row4" "58.00055 43.43778 28.8752 14.31337 0.3560997 14.8169 29.37877 43.94139 58.50414"
					"row5" "49.77801 33.58028 18.11324 32.43977 14.8169 32.78888 17.84748 34.03743 50.2638"
					"row6" "36.03784 35.43872 64.87676 18.27788 29.37877 17.84748 64.5197 35.54796 36.30587"
					"row7" "62.66297 97.31428 36.03861 33.83356 43.94139 34.03743 35.54796 97.66463 62.88635"
					"row8" "129.752 62.44426 36.73162 50.39825 58.50414 50.2638 36.30587 62.88635 129.3954"
				}
				offsets
				{
					"row0" "0 0 0 0 0 0 0 0 0 0 0 0 0 0 0 0 0 0 0 0 0 0 0 0 0 0 0"
					"row1" "0 0 0 0 0 0 0 0 0 0 0 0 0 0 0 0 0 0 0 0 0 0 0 0 0 0 0"
					"row2" "0 0 0 0 0 0 0 0 0 0 0 0 0 0 0 0 0 0 0 0 0 0 0 0 0 0 0"
					"row3" "0 0 0 0 0 0 0 0 0 0 0 0 0 0 0 0 0 0 0 0 0 0 0 0 0 0 0"
					"row4" "0 0 0 0 0 0 0 0 0 0 0 0 0 0 0 0 0 0 0 0 0 0 0 0 0 0 0"
					"row5" "0 0 0 0 0 0 0 0 0 0 0 0 0 0 0 0 0 0 0 0 0 0 0 0 0 0 0"
					"row6" "0 0 0 0 0 0 0 0 0 0 0 0 0 0 0 0 0 0 0 0 0 0 0 0 0 0 0"
					"row7" "0 0 0 0 0 0 0 0 0 0 0 0 0 0 0 0 0 0 0 0 0 0 0 0 0 0 0"
					"row8" "0 0 0 0 0 0 0 0 0 0 0 0 0 0 0 0 0 0 0 0 0 0 0 0 0 0 0"
				}
				offset_normals
				{
					"row0" "0 0 1 0 0 1 0 0 1 0 0 1 0 0 1 0 0 1 0 0 1 0 0 1 0 0 1"
					"row1" "0 0 1 0 0 1 0 0 1 0 0 1 0 0 1 0 0 1 0 0 1 0 0 1 0 0 1"
					"row2" "0 0 1 0 0 1 0 0 1 0 0 1 0 0 1 0 0 1 0 0 1 0 0 1 0 0 1"
					"row3" "0 0 1 0 0 1 0 0 1 0 0 1 0 0 1 0 0 1 0 0 1 0 0 1 0 0 1"
					"row4" "0 0 1 0 0 1 0 0 1 0 0 1 0 0 1 0 0 1 0 0 1 0 0 1 0 0 1"
					"row5" "0 0 1 0 0 1 0 0 1 0 0 1 0 0 1 0 0 1 0 0 1 0 0 1 0 0 1"
					"row6" "0 0 1 0 0 1 0 0 1 0 0 1 0 0 1 0 0 1 0 0 1 0 0 1 0 0 1"
					"row7" "0 0 1 0 0 1 0 0 1 0 0 1 0 0 1 0 0 1 0 0 1 0 0 1 0 0 1"
					"row8" "0 0 1 0 0 1 0 0 1 0 0 1 0 0 1 0 0 1 0 0 1 0 0 1 0 0 1"
				}
				alphas
				{
					"row0" "0 0 0 0 0 0 0 0 0"
					"row1" "0 0 0 0 0 0 0 0 0"
					"row2" "0 0 0 0 0 0 0 0 0"
					"row3" "0 0 0 0 0 0 0 0 0"
					"row4" "0 0 0 0 0 0 0 0 0"
					"row5" "0 0 0 0 0 0 0 0 0"
					"row6" "0 0 0 0 0 0 0 0 0"
					"row7" "0 0 0 0 0 0 0 0 0"
					"row8" "0 0 0 0 0 0 0 0 0"
				}
				triangle_tags
				{
					"row0" "0 0 0 0 0 0 0 0 0 0 0 0 0 0 0 0"
					"row1" "0 0 0 0 0 0 0 0 0 0 0 0 0 0 0 0"
					"row2" "0 0 0 0 0 0 0 0 0 0 0 0 0 0 0 0"
					"row3" "0 0 0 0 0 0 0 0 0 0 0 0 0 0 0 0"
					"row4" "0 0 0 0 0 0 0 0 0 0 0 0 0 0 0 0"
					"row5" "0 0 0 0 0 0 0 0 0 0 0 0 0 0 0 0"
					"row6" "0 0 0 0 0 0 0 0 0 0 0 0 0 0 0 0"
					"row7" "0 0 0 0 0 0 0 0 0 0 0 0 0 0 0 0"
				}
				allowed_verts
				{
					"10" "-1 -1 -1 -1 -1 -1 -1 -1 -1 -1"
				}
			}
		}
		side
		{
			"id" "2"
			"plane" "(0 907.4964 -64) (0 0 -64) (907.4964 0 -64)"
			"material" "CONCRETE/CONCRETEFLOOR005A"
			"uaxis" "[1 0 0 0] 0.25"
			"vaxis" "[0 -1 0 0] 0.25"
			"rotation" "0"
			"lightmapscale" "16"
			"smoothing_groups" "0"
		}
		side
		{
			"id" "3"
			"plane" "(0 0 -64) (0 907.4964 -64) (0 907.4964 0)"
			"material" "CONCRETE/CONCRETEFLOOR005A"
			"uaxis" "[0 1 0 0] 0.25"
			"vaxis" "[0 0 -1 0] 0.25"
			"rotation" "0"
			"lightmapscale" "16"
			"smoothing_groups" "0"
		}
		side
		{
			"id" "4"
			"plane" "(907.4964 907.4964 -64) (907.4964 0 -64) (907.4964 0 0)"
			"material" "CONCRETE/CONCRETEFLOOR005A"
			"uaxis" "[0 1 0 0] 0.25"
			"vaxis" "[0 0 -1 0] 0.25"
			"rotation" "0"
			"lightmapscale" "16"
			"smoothing_groups" "0"
		}
		side
		{
			"id" "5"
			"plane" "(0 907.4964 -64) (907.4964 907.4964 -64) (907.4964 907.4964 0)"
			"material" "CONCRETE/CONCRETEFLOOR005A"
			"uaxis" "[1 0 0 0] 0.25"
			"vaxis" "[0 0 -1 0] 0.25"
			"rotation" "0"
			"lightmapscale" "16"
			"smoothing_groups" "0"
		}
		side
		{
			"id" "6"
			"plane" "(907.4964 0 -64) (0 0 -64) (0 0 0)"
			"material" "CONCRETE/CONCRETEFLOOR005A"
			"uaxis" "[1 0 0 0] 0.25"
			"vaxis" "[0 0 -1 0] 0.25"
			"rotation" "0"
			"lightmapscale" "16"
			"smoothing_groups" "0"
		}
		editor
		{
			"color" "0 173 190"
			"visgroupshown" "1"
			"visgroupautoshown" "1"
		}
	}
}
cameras
{
	"activecamera" "-1"
}
cordon
{
	"mins" "(-1024 -1024 -1024)"
	"maxs" "(1024 1024 1024)"
	"active" "0"
}
