versioninfo
{
	"editorversion" "400"
	"editorbuild" "3576"
	"mapversion" "1"
	"formatversion" "100"
	"prefab" "0"
}
visgroups
{
}
viewsettings
{
	"bSnapToGrid" "1"
	"bShowGrid" "1"
	"bShowLogicalGrid" "0"
	"nGridSpacing" "64"
	"bShow3DGrid" "0"
}
world
{
	"id" "1"
	"mapversion" "1"
	"classname" "worldspawn"
	"skyname" "sky_day01_01"
	"maxpropscreenwidth" "-1"
	"detailvbsp" "detail.vbsp"
	"detailmaterial" "detail/detailsprites"
	solid
	{
		"id" "2"
		side
		{
			"id" "1"
			"plane" "(0 0 0) (0 453.7482 0) (453.7482 453.7482 0)"
			"material" "CONCRETE/CONCRETEFLOOR005A"
			"uaxis" "[1 0 0 0] 0.25"
			"vaxis" "[0 -1 0 0] 0.25"
			"rotation" "0"
			"lightmapscale" "16"
			"smoothing_groups" "0"
			dispinfo
			{
				"power" "4"
				"startposition" "[0 0 0]"
				"flags" "0"
				"elevation" "0"
				"subdiv" "0"
				normals
				{
					"row0" "0.08912721 0.08912721 0.9920245 0.06933219 0.05641391 0.9959973 0.05513264 0.02729196 0.998106 0.04082954 0.00195149 0.9991642 0.03037656 -0.01951851 0.9993479 0.02186347 -0.03512615 0.9991437 0.01335216 -0.04681941 0.9988141 0.00679666 -0.05460464 0.9984849 0.00024551 -0.05654999 0.9983998 -0.00630562 -0.05460482 0.9984881 -0.01286103 -0.04681971 0.9988205 -0.02137229 -0.03512652 0.9991543 -0.02988555 -0.0195188 0.9993628 -0.04033896 0.00195153 0.9991842 -0.05464322 0.02729269 0.9981329 -0.07078046 0.05640816 0.9958957 -0.08864318 0.08913107 0.9920676"
					"row1" "0.05641391 0.06933219 0.9959973 0.08779905 0.08779905 0.9922614 0.06734543 0.05257655 0.9963435 0.05108933 0.01925859 0.9985084 0.03694459 -0.00749302 0.9992892 0.02498932 -0.02979723 0.9992436 0.0152602 -0.04539264 0.9988527 0.00776769 -0.05429152 0.9984949 0.00028058 -0.05651502 0.9984017 -0.00720651 -0.05429175 0.9984992 -0.01469891 -0.04539302 0.9988611 -0.02442799 -0.02979764 0.9992574 -0.0363837 -0.00749318 0.9993098 -0.05052955 0.01925914 0.9985368 -0.06678791 0.05257852 0.9963809 -0.0894431 0.08778616 0.9921157 -0.05592562 0.06933409 0.9960246"
					"row2" "0.02729196 0.05513264 0.998106 0.05257655 0.06734543 0.9963435 0.08857156 0.08857156 0.9921241 0.06469236 0.04745453 0.9967763 0.04568625 0.01113734 0.9988938 0.02915798 -0.02008772 0.999373 0.01780628 -0.04089293 0.9990049 0.00906365 -0.05128065 0.9986432 0.00032734 -0.05646841 0.9984043 -0.00840885 -0.05128095 0.9986489 -0.01715139 -0.04089339 0.9990163 -0.03110333 -0.02008654 0.9993143 -0.04503261 0.01113767 0.9989234 -0.06404144 0.04745653 0.9968182 -0.087926 0.08857664 0.992181 -0.05201809 0.06734739 0.9963726 -0.02680145 0.05513337 0.9981192"
					"row3" "0.00195149 0.04082954 0.9991642 0.01925859 0.05108933 0.9985084 0.04745453 0.06469236 0.9967763 0.08965252 0.08965252 0.9919299 0.06097815 0.03716179 0.9974471 0.03810861 -0.00336563 0.9992679 0.02137333 -0.0314703 0.9992761 0.01087679 -0.05017683 0.9986811 0.00039281 -0.05640315 0.998408 -0.01009103 -0.05017724 0.9986894 -0.02370852 -0.03146864 0.9992235 -0.03732337 -0.00336573 0.9992976 -0.06019616 0.03716356 0.9974945 -0.08887818 0.08965877 0.991999 -0.04680233 0.06469436 0.996807 -0.0186976 0.05108988 0.998519 -0.00146011 0.04082957 0.9991651"
					"row4" "-0.01951851 0.03037656 0.9993479 -0.00749302 0.03694459 0.9992892 0.01113734 0.04568625 0.9988938 0.03716179 0.06097815 0.9974471 0.08745975 0.08745975 0.9923213 0.05537982 0.02558877 0.9981374 0.0306233 -0.0173215 0.9993808 0.01359664 -0.04852051 0.9987296 0.00049102 -0.05630525 0.9984134 -0.01261446 -0.04852114 0.9987425 -0.02964119 -0.01732201 0.9994105 -0.05440093 0.02559015 0.9981912 -0.09033671 0.08743721 0.9920656 -0.03949042 0.06097269 0.9973579 -0.01048238 0.04568658 0.9989008 0.00805462 0.03694443 0.9992849 0.01805864 0.0303774 0.9993754"
					"row5" "-0.03512615 0.02186347 0.9991437 -0.02979723 0.02498932 0.9992436 -0.02008772 0.02915798 0.999373 -0.00336563 0.03810861 0.9992679 0.02558877 0.05537982 0.9981374 0.08889171 0.08889171 0.9920668 0.04601287 0.01146464 0.9988751 0.01813399 -0.04056568 0.9990124 0.0006547 -0.05614208 0.9984226 -0.01682421 -0.0405666 0.9990352 -0.04470555 0.01146532 0.9989344 -0.08760063 0.08890192 0.9921807 -0.02850376 0.05537545 0.9980586 0.00102922 0.03810881 0.9992731 0.01814121 0.02915907 0.9994102 0.02812974 0.02499053 0.9992918 0.0356169 0.02186309 0.9991264"
					"row6" "-0.04681941 0.01335216 0.9988141 -0.04539264 0.0152602 0.9988527 -0.04089293 0.01780628 0.9990049 -0.0314703 0.02137333 0.9992761 -0.0173215 0.0306233 0.9993808 0.01146464 0.04601287 0.9988751 0.09175223 0.09175223 0.9915457 0.02721393 -0.01683183 0.9994879 0.00098206 -0.05581578 0.9984406 -0.03305043 -0.01682887 0.999312 -0.08981758 0.09176848 0.9917213 -0.01015472 0.04601352 0.9988891 0.01830413 0.03062276 0.9993634 0.03225579 0.0213728 0.9992511 0.03894948 0.01780766 0.9990824 0.0437277 0.01526133 0.9989269 0.04730953 0.01335185 0.998791"
					"row7" "-0.05460464 0.00679666 0.9984849 -0.05429152 0.00776769 0.9984949 -0.05128065 0.00906365 0.9986432 -0.05017683 0.01087679 0.9986811 -0.04852051 0.01359664 0.9987296 -0.04056568 0.01813399 0.9990124 -0.01683183 0.02721393 0.9994879 0.08508306 0.08508306 0.9927344 0.00196423 -0.0548365 0.9984934 -0.08120363 0.08511069 0.9930569 0.01879736 0.02721298 0.9994529 0.04187366 0.01813301 0.9989583 0.04560781 0.01359851 0.9988669 0.05096064 0.01087635 0.9986414 0.05193377 0.00906334 0.9986094 0.05262861 0.00776838 0.998584 0.05509421 0.00679647 0.998458"
					"row8" "-0.05654999 0.00024551 0.9983998 -0.05651502 0.00028058 0.9984017 -0.05646841 0.00032734 0.9984043 -0.05640315 0.00039281 0.998408 -0.05630525 0.00049102 0.9984134 -0.05614208 0.0006547 0.9984226 -0.05581578 0.00098206 0.9984406 -0.0548365 0.00196423 0.9984934 0.7071068 0.7071068 0 0.05875185 0.00196379 0.9982706 0.05777346 0.00098195 0.9983292 0.05744728 0.00065465 0.9983484 0.05728407 0.00049099 0.9983578 0.05718622 0.00039279 0.9983634 0.057121 0.00032733 0.9983672 0.05707434 0.00028057 0.9983699 0.0570394 0.0002455 0.9983719"
					"row9" "-0.05460482 -0.00630562 0.9984881 -0.05429175 -0.00720651 0.9984992 -0.05128095 -0.00840885 0.9986489 -0.05017724 -0.01009103 0.9986894 -0.04852114 -0.01261446 0.9987425 -0.0405666 -0.01682421 0.9990352 -0.01682887 -0.03305043 0.999312 0.08511069 -0.08120363 0.9930569 0.00196379 0.05875185 0.9982706 -0.08123002 -0.08123002 0.9933797 0.01879405 -0.03304928 0.9992771 0.04187462 -0.0168233 0.9989812 0.04560839 -0.01261619 0.9988797 0.05096106 -0.01009063 0.9986497 0.05193406 -0.00840857 0.9986151 0.05262883 -0.00720715 0.9985881 0.05509439 -0.00630545 0.9984612"
					"row10" "-0.04681971 -0.01286103 0.9988205 -0.04539302 -0.01469891 0.9988611 -0.04089339 -0.01715139 0.9990163 -0.03146864 -0.02370852 0.9992235 -0.01732201 -0.02964119 0.9994105 0.01146532 -0.04470555 0.9989344 0.09176848 -0.08981758 0.9917213 0.02721298 0.01879736 0.9994529 0.00098195 0.05777346 0.9983292 -0.03304928 0.01879405 0.9992771 -0.0898335 -0.0898335 0.9918972 -0.01015532 -0.04470618 0.9989486 0.01830467 -0.02964067 0.999393 0.0322541 -0.02370792 0.9991985 0.03894993 -0.01715273 0.9990939 0.04372807 -0.0147 0.9989353 0.04730983 -0.01286073 0.9987974"
					"row11" "-0.03512652 -0.02137229 0.9991543 -0.02979764 -0.02442799 0.9992574 -0.02008654 -0.03110333 0.9993143 -0.00336573 -0.03732337 0.9992976 0.02559015 -0.05440093 0.9981912 0.08890192 -0.08760063 0.9921807 0.04601352 -0.01015472 0.9988891 0.01813301 0.04187366 0.9989583 0.00065465 0.05744728 0.9983484 -0.0168233 0.04187462 0.9989812 -0.04470618 -0.01015532 0.9989486 -0.0876107 -0.0876107 0.9922947 -0.0285053 -0.05439664 0.9981124 0.00102925 -0.03732356 0.9993027 0.01814015 -0.03110449 0.9993515 0.02813013 -0.02442917 0.9993057 0.03561728 -0.02137192 0.999137"
					"row12" "-0.0195188 -0.02988555 0.9993628 -0.00749318 -0.0363837 0.9993098 0.01113767 -0.04503261 0.9989234 0.03716356 -0.06019616 0.9974945 0.08743721 -0.09033671 0.9920656 0.05537545 -0.02850376 0.9980586 0.03062276 0.01830413 0.9993634 0.01359851 0.04560781 0.9988669 0.00049099 0.05728407 0.9983578 -0.01261619 0.04560839 0.9988797 -0.02964067 0.01830467 0.999393 -0.05439664 -0.0285053 0.9981124 -0.09031343 -0.09031343 0.99181 -0.03949229 -0.06019079 0.9974053 -0.01048269 -0.04503292 0.9989305 0.00805479 -0.03638355 0.9993055 0.0180589 -0.02988637 0.9993901"
					"row13" "0.00195153 -0.04033896 0.9991842 0.01925914 -0.05052955 0.9985368 0.04745653 -0.06404144 0.9968182 0.08965877 -0.08887818 0.991999 0.06097269 -0.03949042 0.9973579 0.03810881 0.00102922 0.9992731 0.0213728 0.03225579 0.9992511 0.01087635 0.05096064 0.9986414 0.00039279 0.05718622 0.9983634 -0.01009063 0.05096106 0.9986497 -0.02370792 0.0322541 0.9991985 -0.03732356 0.00102925 0.9993027 -0.06019079 -0.03949229 0.9974053 -0.08888438 -0.08888438 0.9920681 -0.0468043 -0.06404342 0.9968489 -0.01869813 -0.05053009 0.9985475 -0.00146014 -0.04033899 0.999185"
					"row14" "0.02729269 -0.05464322 0.9981329 0.05257852 -0.06678791 0.9963809 0.08857664 -0.087926 0.992181 0.06469436 -0.04680233 0.996807 0.04568658 -0.01048238 0.9989008 0.02915907 0.01814121 0.9994102 0.01780766 0.03894948 0.9990824 0.00906334 0.05193377 0.9986094 0.00032733 0.057121 0.9983672 -0.00840857 0.05193406 0.9986151 -0.01715273 0.03894993 0.9990939 -0.03110449 0.01814015 0.9993515 -0.04503292 -0.01048269 0.9989305 -0.06404342 -0.0468043 0.9968489 -0.08793105 -0.08793105 0.992238 -0.05202005 -0.06678987 0.9964101 -0.02680217 -0.05464395 0.9981462"
					"row15" "0.05640816 -0.07078046 0.9958957 0.08778616 -0.0894431 0.9921157 0.06734739 -0.05201809 0.9963726 0.05108988 -0.0186976 0.998519 0.03694443 0.00805462 0.9992849 0.02499053 0.02812974 0.9992918 0.01526133 0.0437277 0.9989269 0.00776838 0.05262861 0.998584 0.00028057 0.05707434 0.9983699 -0.00720715 0.05262883 0.9985881 -0.0147 0.04372807 0.9989353 -0.02442917 0.02813013 0.9993057 -0.03638355 0.00805479 0.9993055 -0.05053009 -0.01869813 0.9985475 -0.06678987 -0.05202005 0.9964101 -0.08942997 -0.08942997 0.99197 -0.05591991 -0.0707824 0.995923"
					"row16" "0.08913107 -0.08864318 0.9920676 0.06933409 -0.05592562 0.9960246 0.05513337 -0.02680145 0.9981192 0.04082957 -0.00146011 0.9991651 0.0303774 0.01805864 0.9993754 0.02186309 0.0356169 0.9991264 0.01335185 0.04730953 0.998791 0.00679647 0.05509421 0.998458 0.0002455 0.0570394 0.9983719 -0.00630545 0.05509439 0.9984612 -0.01286073 0.04730983 0.9987974 -0.02137192 0.03561728 0.999137 -0.02988637 0.0180589 0.9993901 -0.04033899 -0.00146014 0.999185 -0.05464395 -0.02680217 0.9981462 -0.0707824 -0.05591991 0.995923 -0.08864702 -0.08864702 0.9921107"
				}
				distances
				{
					"row0" "516.1163 514.0576 512.9716 512.4283 512.3341 512.4388 512.6079 512.7769 512.8206 512.7753 512.6046 512.4333 512.3265 512.418 512.9578 514.11 516.0939"
					"row1" "514.0576 451.4939 449.6441 448.6693 448.3187 448.3391 448.5146 448.6753 448.7172 448.6734 448.5108 448.3329 448.3094 448.6565 449.6273 451.5602 514.0435"
					"row2" "512.9716 449.6441 387.0484 385.2419 384.4253 384.2409 384.3825 384.5217 384.6137 384.5195 384.3781 384.2635 384.4138 385.2257 387.0262 449.631 512.9648"
					"row3" "512.4283 448.6693 385.2419 322.6035 320.819 320.2344 320.2318 320.4226 320.5103 320.42 320.2487 320.2249 320.8038 322.581 385.23 448.6645 512.4279"
					"row4" "512.3341 448.3187 384.4253 320.819 257.981 256.4777 256.1586 256.3256 256.4068 256.3223 256.151 256.4639 258.0475 320.8477 384.4225 448.3206 512.32"
					"row5" "512.4388 448.3391 384.2409 320.2344 256.4777 193.5354 192.2162 192.1898 192.3033 192.1854 192.2048 193.5131 256.498 320.2328 384.2266 448.3175 512.4477"
					"row6" "512.6079 448.5146 384.3825 320.2318 256.1586 192.2162 129.0914 128.0656 128.1999 128.0881 129.0685 192.2135 256.1631 320.2398 384.3527 448.4813 512.6198"
					"row7" "512.7769 448.6753 384.5217 320.4226 256.3256 192.1898 128.0656 64.4684 64.09657 64.44746 128.0701 192.2002 256.2904 320.4353 384.5347 448.6353 512.7907"
					"row8" "512.8206 448.7172 384.6137 320.5103 256.4068 192.3033 128.1999 64.09657 0.1780499 64.11087 128.2142 192.3176 256.4211 320.5246 384.628 448.7315 512.835"
					"row9" "512.7753 448.6734 384.5195 320.42 256.3223 192.1854 128.0881 64.44746 64.11087 64.42652 128.0926 192.1958 256.2871 320.4327 384.5325 448.6334 512.7891"
					"row10" "512.6046 448.5108 384.3781 320.2487 256.151 192.2048 129.0685 128.0701 128.2142 128.0926 129.0456 192.2021 256.1555 320.2567 384.3482 448.4775 512.6165"
					"row11" "512.4333 448.3329 384.2635 320.2249 256.4639 193.5131 192.2135 192.2002 192.3176 192.1958 192.2021 193.4909 256.4841 320.2233 384.2492 448.3112 512.4423"
					"row12" "512.3265 448.3094 384.4138 320.8038 258.0475 256.498 256.1631 256.2904 256.4211 256.2871 256.1555 256.4841 258.114 320.8325 384.4111 448.3114 512.3124"
					"row13" "512.418 448.6565 385.2257 322.581 320.8477 320.2328 320.2398 320.4353 320.5246 320.4327 320.2567 320.2233 320.8325 322.5585 385.2138 448.6517 512.4176"
					"row14" "512.9578 449.6273 387.0262 385.23 384.4225 384.2266 384.3527 384.5347 384.628 384.5325 384.3482 384.2492 384.4111 385.2138 387.0039 449.6141 512.9509"
					"row15" "514.11 451.5602 449.631 448.6645 448.3206 448.3175 448.4813 448.6353 448.7315 448.6334 448.4775 448.3112 448.3114 448.6517 449.6141 451.6266 514.0959"
					"row16" "516.0939 514.0435 512.9648 512.4279 512.32 512.4477 512.6198 512.7907 512.835 512.7891 512.6165 512.4423 512.3124 512.4176 512.9509 514.0959 516.0715"
				}
				offsets
				{
					"row0" "0 0 0 0 0 0 0 0 0 0 0 0 0 0 0 0 0 0 0 0 0 0 0 0 0 0 0 0 0 0 0 0 0 0 0 0 0 0 0 0 0 0 0 0 0 0 0 0 0 0 0"
					"row1" "0 0 0 0 0 0 0 0 0 0 0 0 0 0 0 0 0 0 0 0 0 0 0 0 0 0 0 0 0 0 0 0 0 0 0 0 0 0 0 0 0 0 0 0 0 0 0 0 0 0 0"
					"row2" "0 0 0 0 0 0 0 0 0 0 0 0 0 0 0 0 0 0 0 0 0 0 0 0 0 0 0 0 0 0 0 0 0 0 0 0 0 0 0 0 0 0 0 0 0 0 0 0 0 0 0"
					"row3" "0 0 0 0 0 0 0 0 0 0 0 0 0 0 0 0 0 0 0 0 0 0 0 0 0 0 0 0 0 0 0 0 0 0 0 0 0 0 0 0 0 0 0 0 0 0 0 0 0 0 0"
					"row4" "0 0 0 0 0 0 0 0 0 0 0 0 0 0 0 0 0 0 0 0 0 0 0 0 0 0 0 0 0 0 0 0 0 0 0 0 0 0 0 0 0 0 0 0 0 0 0 0 0 0 0"
					"row5" "0 0 0 0 0 0 0 0 0 0 0 0 0 0 0 0 0 0 0 0 0 0 0 0 0 0 0 0 0 0 0 0 0 0 0 0 0 0 0 0 0 0 0 0 0 0 0 0 0 0 0"
					"row6" "0 0 0 0 0 0 0 0 0 0 0 0 0 0 0 0 0 0 0 0 0 0 0 0 0 0 0 0 0 0 0 0 0 0 0 0 0 0 0 0 0 0 0 0 0 0 0 0 0 0 0"
					"row7" "0 0 0 0 0 0 0 0 0 0 0 0 0 0 0 0 0 0 0 0 0 0 0 0 0 0 0 0 0 0 0 0 0 0 0 0 0 0 0 0 0 0 0 0 0 0 0 0 0 0 0"
					"row8" "0 0 0 0 0 0 0 0 0 0 0 0 0 0 0 0 0 0 0 0 0 0 0 0 0 0 0 0 0 0 0 0 0 0 0 0 0 0 0 0 0 0 0 0 0 0 0 0 0 0 0"
					"row9" "0 0 0 0 0 0 0 0 0 0 0 0 0 0 0 0 0 0 0 0 0 0 0 0 0 0 0 0 0 0 0 0 0 0 0 0 0 0 0 0 0 0 0 0 0 0 0 0 0 0 0"
					"row10" "0 0 0 0 0 0 0 0 0 0 0 0 0 0 0 0 0 0 0 0 0 0 0 0 0 0 0 0 0 0 0 0 0 0 0 0 0 0 0 0 0 0 0 0 0 0 0 0 0 0 0"
					"row11" "0 0 0 0 0 0 0 0 0 0 0 0 0 0 0 0 0 0 0 0 0 0 0 0 0 0 0 0 0 0 0 0 0 0 0 0 0 0 0 0 0 0 0 0 0 0 0 0 0 0 0"
					"row12" "0 0 0 0 0 0 0 0 0 0 0 0 0 0 0 0 0 0 0 0 0 0 0 0 0 0 0 0 0 0 0 0 0 0 0 0 0 0 0 0 0 0 0 0 0 0 0 0 0 0 0"
					"row13" "0 0 0 0 0 0 0 0 0 0 0 0 0 0 0 0 0 0 0 0 0 0 0 0 0 0 0 0 0 0 0 0 0 0 0 0 0 0 0 0 0 0 0 0 0 0 0 0 0 0 0"
					"row14" "0 0 0 0 0 0 0 0 0 0 0 0 0 0 0 0 0 0 0 0 0 0 0 0 0 0 0 0 0 0 0 0 0 0 0 0 0 0 0 0 0 0 0 0 0 0 0 0 0 0 0"
					"row15" "0 0 0 0 0 0 0 0 0 0 0 0 0 0 0 0 0 0 0 0 0 0 0 0 0 0 0 0 0 0 0 0 0 0 0 0 0 0 0 0 0 0 0 0 0 0 0 0 0 0 0"
					"row16" "0 0 0 0 0 0 0 0 0 0 0 0 0 0 0 0 0 0 0 0 0 0 0 0 0 0 0 0 0 0 0 0 0 0 0 0 0 0 0 0 0 0 0 0 0 0 0 0 0 0 0"
				}
				offset_normals
				{
					"row0" "0 0 1 0 0 1 0 0 1 0 0 1 0 0 1 0 0 1 0 0 1 0 0 1 0 0 1 0 0 1 0 0 1 0 0 1 0 0 1 0 0 1 0 0 1 0 0 1 0 0 1"
					"row1" "0 0 1 0 0 1 0 0 1 0 0 1 0 0 1 0 0 1 0 0 1 0 0 1 0 0 1 0 0 1 0 0 1 0 0 1 0 0 1 0 0 1 0 0 1 0 0 1 0 0 1"
					"row2" "0 0 1 0 0 1 0 0 1 0 0 1 0 0 1 0 0 1 0 0 1 0 0 1 0 0 1 0 0 1 0 0 1 0 0 1 0 0 1 0 0 1 0 0 1 0 0 1 0 0 1"
					"row3" "0 0 1 0 0 1 0 0 1 0 0 1 0 0 1 0 0 1 0 0 1 0 0 1 0 0 1 0 0 1 0 0 1 0 0 1 0 0 1 0 0 1 0 0 1 0 0 1 0 0 1"
					"row4" "0 0 1 0 0 1 0 0 1 0 0 1 0 0 1 0 0 1 0 0 1 0 0 1 0 0 1 0 0 1 0 0 1 0 0 1 0 0 1 0 0 1 0 0 1 0 0 1 0 0 1"
					"row5" "0 0 1 0 0 1 0 0 1 0 0 1 0 0 1 0 0 1 0 0 1 0 0 1 0 0 1 0 0 1 0 0 1 0 0 1 0 0 1 0 0 1 0 0 1 0 0 1 0 0 1"
					"row6" "0 0 1 0 0 1 0 0 1 0 0 1 0 0 1 0 0 1 0 0 1 0 0 1 0 0 1 0 0 1 0 0 1 0 0 1 0 0 1 0 0 1 0 0 1 0 0 1 0 0 1"
					"row7" "0 0 1 0 0 1 0 0 1 0 0 1 0 0 1 0 0 1 0 0 1 0 0 1 0 0 1 0 0 1 0 0 1 0 0 1 0 0 1 0 0 1 0 0 1 0 0 1 0 0 1"
					"row8" "0 0 1 0 0 1 0 0 1 0 0 1 0 0 1 0 0 1 0 0 1 0 0 1 0 0 1 0 0 1 0 0 1 0 0 1 0 0 1 0 0 1 0 0 1 0 0 1 0 0 1"
					"row9" "0 0 1 0 0 1 0 0 1 0 0 1 0 0 1 0 0 1 0 0 1 0 0 1 0 0 1 0 0 1 0 0 1 0 0 1 0 0 1 0 0 1 0 0 1 0 0 1 0 0 1"
					"row10" "0 0 1 0 0 1 0 0 1 0 0 1 0 0 1 0 0 1 0 0 1 0 0 1 0 0 1 0 0 1 0 0 1 0 0 1 0 0 1 0 0 1 0 0 1 0 0 1 0 0 1"
					"row11" "0 0 1 0 0 1 0 0 1 0 0 1 0 0 1 0 0 1 0 0 1 0 0 1 0 0 1 0 0 1 0 0 1 0 0 1 0 0 1 0 0 1 0 0 1 0 0 1 0 0 1"
					"row12" "0 0 1 0 0 1 0 0 1 0 0 1 0 0 1 0 0 1 0 0 1 0 0 1 0 0 1 0 0 1 0 0 1 0 0 1 0 0 1 0 0 1 0 0 1 0 0 1 0 0 1"
					"row13" "0 0 1 0 0 1 0 0 1 0 0 1 0 0 1 0 0 1 0 0 1 0 0 1 0 0 1 0 0 1 0 0 1 0 0 1 0 0 1 0 0 1 0 0 1 0 0 1 0 0 1"
					"row14" "0 0 1 0 0 1 0 0 1 0 0 1 0 0 1 0 0 1 0 0 1 0 0 1 0 0 1 0 0 1 0 0 1 0 0 1 0 0 1 0 0 1 0 0 1 0 0 1 0 0 1"
					"row15" "0 0 1 0 0 1 0 0 1 0 0 1 0 0 1 0 0 1 0 0 1 0 0 1 0 0 1 0 0 1 0 0 1 0 0 1 0 0 1 0 0 1 0 0 1 0 0 1 0 0 1"
					"row16" "0 0 1 0 0 1 0 0 1 0 0 1 0 0 1 0 0 1 0 0 1 0 0 1 0 0 1 0 0 1 0 0 1 0 0 1 0 0 1 0 0 1 0 0 1 0 0 1 0 0 1"
				}
				alphas
				{
					"row0" "0 0 0 0 0 0 0 0 0 0 0 0 0 0 0 0 0"
					"row1" "0 0 0 0 0 0 0 0 0 0 0 0 0 0 0 0 0"
					"row2" "0 0 0 0 0 0 0 0 0 0 0 0 0 0 0 0 0"
					"row3" "0 0 0 0 0 0 0 0 0 0 0 0 0 0 0 0 0"
					"row4" "0 0 0 0 0 0 0 0 0 0 0 0 0 0 0 0 0"
					"row5" "0 0 0 0 0 0 0 0 0 0 0 0 0 0 0 0 0"
					"row6" "0 0 0 0 0 0 0 0 0 0 0 0 0 0 0 0 0"
					"row7" "0 0 0 0 0 0 0 0 0 0 0 0 0 0 0 0 0"
					"row8" "0 0 0 0 0 0 0 0 0 0 0 0 0 0 0 0 0"
					"row9" "0 0 0 0 0 0 0 0 0 0 0 0 0 0 0 0 0"
					"row10" "0 0 0 0 0 0 0 0 0 0 0 0 0 0 0 0 0"
					"row11" "0 0 0 0 0 0 0 0 0 0 0 0 0 0 0 0 0"
					"row12" "0 0 0 0 0 0 0 0 0 0 0 0 0 0 0 0 0"
					"row13" "0 0 0 0 0 0 0 0 0 0 0 0 0 0 0 0 0"
					"row14" "0 0 0 0 0 0 0 0 0 0 0 0 0 0 0 0 0"
					"row15" "0 0 0 0 0 0 0 0 0 0 0 0 0 0 0 0 0"
					"row16" "0 0 0 0 0 0 0 0 0 0 0 0 0 0 0 0 0"
				}
				triangle_tags
				{
					"row0" "0 0 0 0 0 0 0 0 0 0 0 0 0 0 0 0 0 0 0 0 0 0 0 0 0 0 0 0 0 0 0 0"
					"row1" "0 0 0 0 0 0 0 0 0 0 0 0 0 0 0 0 0 0 0 0 0 0 0 0 0 0 0 0 0 0 0 0"
					"row2" "0 0 0 0 0 0 0 0 0 0 0 0 0 0 0 0 0 0 0 0 0 0 0 0 0 0 0 0 0 0 0 0"
					"row3" "0 0 0 0 0 0 0 0 0 0 0 0 0 0 0 0 0 0 0 0 0 0 0 0 0 0 0 0 0 0 0 0"
					"row4" "0 0 0 0 0 0 0 0 0 0 0 0 0 0 0 0 0 0 0 0 0 0 0 0 0 0 0 0 0 0 0 0"
					"row5" "0 0 0 0 0 0 0 0 0 0 0 0 0 0 0 0 0 0 0 0 0 0 0 0 0 0 0 0 0 0 0 0"
					"row6" "0 0 0 0 0 0 0 0 0 0 0 0 0 0 0 0 0 0 0 0 0 0 0 0 0 0 0 0 0 0 0 0"
					"row7" "0 0 0 0 0 0 0 0 0 0 0 0 0 0 0 0 0 0 0 0 0 0 0 0 0 0 0 0 0 0 0 0"
					"row8" "0 0 0 0 0 0 0 0 0 0 0 0 0 0 0 0 0 0 0 0 0 0 0 0 0 0 0 0 0 0 0 0"
					"row9" "0 0 0 0 0 0 0 0 0 0 0 0 0 0 0 0 0 0 0 0 0 0 0 0 0 0 0 0 0 0 0 0"
					"row10" "0 0 0 0 0 0 0 0 0 0 0 0 0 0 0 0 0 0 0 0 0 0 0 0 0 0 0 0 0 0 0 0"
					"row11" "0 0 0 0 0 0 0 0 0 0 0 0 0 0 0 0 0 0 0 0 0 0 0 0 0 0 0 0 0 0 0 0"
					"row12" "0 0 0 0 0 0 0 0 0 0 0 0 0 0 0 0 0 0 0 0 0 0 0 0 0 0 0 0 0 0 0 0"
					"row13" "0 0 0 0 0 0 0 0 0 0 0 0 0 0 0 0 0 0 0 0 0 0 0 0 0 0 0 0 0 0 0 0"
					"row14" "0 0 0 0 0 0 0 0 0 0 0 0 0 0 0 0 0 0 0 0 0 0 0 0 0 0 0 0 0 0 0 0"
					"row15" "0 0 0 0 0 0 0 0 0 0 0 0 0 0 0 0 0 0 0 0 0 0 0 0 0 0 0 0 0 0 0 0"
				}
				allowed_verts
				{
					"10" "-1 -1 -1 -1 -1 -1 -1 -1 -1 -1"
				}
			}
		}
		side
		{
			"id" "2"
			"plane" "(0 453.7482 -64) (0 0 -64) (453.7482 0 -64)"
			"material" "CONCRETE/CONCRETEFLOOR005A"
			"uaxis" "[1 0 0 0] 0.25"
			"vaxis" "[0 -1 0 0] 0.25"
			"rotation" "0"
			"lightmapscale" "16"
			"smoothing_groups" "0"
		}
		side
		{
			"id" "3"
			"plane" "(0 0 -64) (0 453.7482 -64) (0 453.7482 0)"
			"material" "CONCRETE/CONCRETEFLOOR005A"
			"uaxis" "[0 1 0 0] 0.25"
			"vaxis" "[0 0 -1 0] 0.25"
			"rotation" "0"
			"lightmapscale" "16"
			"smoothing_groups" "0"
		}
		side
		{
			"id" "4"
			"plane" "(453.7482 453.7482 -64) (453.7482 0 -64) (453.7482 0 0)"
			"material" "CONCRETE/CONCRETEFLOOR005A"
			"uaxis" "[0 1 0 0] 0.25"
			"vaxis" "[0 0 -1 0] 0.25"
			"rotation" "0"
			"lightmapscale" "16"
			"smoothing_groups" "0"
		}
		side
		{
			"id" "5"
			"plane" "(0 453.7482 -64) (453.7482 453.7482 -64) (453.7482 453.7482 0)"
			"material" "CONCRETE/CONCRETEFLOOR005A"
			"uaxis" "[1 0 0 0] 0.25"
			"vaxis" "[0 0 -1 0] 0.25"
			"rotation" "0"
			"lightmapscale" "16"
			"smoothing_groups" "0"
		}
		side
		{
			"id" "6"
			"plane" "(453.7482 0 -64) (0 0 -64) (0 0 0)"
			"material" "CONCRETE/CONCRETEFLOOR005A"
			"uaxis" "[1 0 0 0] 0.25"
			"vaxis" "[0 0 -1 0] 0.25"
			"rotation" "0"
			"lightmapscale" "16"
			"smoothing_groups" "0"
		}
		editor
		{
			"color" "0 173 190"
			"visgroupshown" "1"
			"visgroupautoshown" "1"
		}
	}
}
cameras
{
	"activecamera" "-1"
}
cordon
{
	"mins" "(-1024 -1024 -1024)"
	"maxs" "(1024 1024 1024)"
	"active" "0"
}
