versioninfo
{
	"editorversion" "400"
	"editorbuild" "3576"
	"mapversion" "1"
	"formatversion" "100"
	"prefab" "0"
}
visgroups
{
}
viewsettings
{
	"bSnapToGrid" "1"
	"bShowGrid" "1"
	"bShowLogicalGrid" "0"
	"nGridSpacing" "64"
	"bShow3DGrid" "0"
}
world
{
	"id" "1"
	"mapversion" "1"
	"classname" "worldspawn"
	"skyname" "sky_day01_01"
	"maxpropscreenwidth" "-1"
	"detailvbsp" "detail.vbsp"
	"detailmaterial" "detail/detailsprites"
	solid
	{
		"id" "2"
		side
		{
			"id" "1"
			"plane" "(0 0 0) (0 453.7482 0) (453.7482 453.7482 0)"
			"material" "CONCRETE/CONCRETEFLOOR005A"
			"uaxis" "[1 0 0 0] 0.25"
			"vaxis" "[0 -1 0 0] 0.25"
			"rotation" "0"
			"lightmapscale" "16"
			"smoothing_groups" "0"
			dispinfo
			{
				"power" "4"
				"startposition" "[0 0 0]"
				"flags" "0"
				"elevation" "0"
				"subdiv" "0"
				normals
				{
					"row0" "0.7071068 0.7071068 0 0.7756675 0.6311417 0 0.896204 0.4436422 0 0.9988598 0.0477416 0 0.8412954 -0.5405757 0 0.5284273 -0.8489785 0 0.2742498 -0.9616585 0 0.1235172 -0.9923424 0 0.00434135 -0.9999906 0 -0.1147151 -0.9933985 0 -0.2648808 -0.9642812 0 -0.519786 -0.8542965 0 -0.8372485 -0.5468225 0 -0.9988318 0.04832182 0 -0.8946165 0.4468349 0 -0.7820327 0.6232373 0 -0.7051635 0.7090448 0"
					"row1" "0.6311417 0.7756675 0 0.4659176 0.4659176 0.7522243 0.405674 0.3167096 0.8573934 0.334494 0.1260906 0.9339245 0.2502191 -0.05074891 0.9668582 0.1689021 -0.2013986 0.9648371 0.1013866 -0.3015824 0.9480341 0.05082818 -0.3552589 0.933385 0.00182885 -0.3683735 0.9296761 -0.04716438 -0.3553229 0.933553 -0.09769298 -0.3016945 0.9483863 -0.1652106 -0.2015264 0.9654493 -0.2466483 -0.05079692 0.9677728 -0.3312247 0.126245 0.9350682 -0.40285 0.3171421 0.8585643 -0.4727604 0.4640025 0.7491323 -0.6278274 0.7783526 0"
					"row2" "0.4436422 0.896204 0 0.3167096 0.405674 0.8573934 0.2504604 0.2504604 0.935168 0.1892651 0.1388338 0.9720618 0.1358623 0.03312035 0.9901739 0.08703855 -0.05996321 0.9943987 0.05299877 -0.1217141 0.9911492 0.0269007 -0.1521998 0.9879836 0.00096974 -0.1672849 0.9859081 -0.0249584 -0.1522075 0.9880334 -0.05105417 -0.1217265 0.9912498 -0.09280249 -0.05993189 0.9938792 -0.1339497 0.03312906 0.9904342 -0.1874203 0.1388838 0.9724119 -0.2487349 0.2505755 0.9355975 -0.3136699 0.4061058 0.8583061 -0.4371994 0.8993646 0"
					"row3" "0.0477416 0.9988598 0 0.1260906 0.334494 0.9339245 0.1388338 0.1892651 0.9720618 0.1473305 0.1473305 0.9780529 0.1011727 0.06165747 0.9929564 0.06343188 -0.00560209 0.9979704 0.03557649 -0.05238315 0.9979931 0.01808565 -0.08343278 0.9963493 0.00065284 -0.09374053 0.9955964 -0.01677936 -0.08343469 0.996372 -0.03945978 -0.05237551 0.9978475 -0.06212811 -0.00560255 0.9980524 -0.09988358 0.06166555 0.9930864 -0.1460753 0.1473582 0.9782369 -0.1369576 0.189315 0.9723181 -0.1224722 0.3346468 0.9343511 -0.03573817 0.9993612 0"
					"row4" "-0.5405757 0.8412954 0 -0.05074891 0.2502191 0.9668582 0.03312035 0.1358623 0.9901739 0.06165747 0.1011727 0.9929564 0.08745975 0.08745975 0.9923213 0.05537982 0.02558877 0.9981374 0.0306233 -0.0173215 0.9993808 0.01359664 -0.04852051 0.9987296 0.00049102 -0.05630525 0.9984134 -0.01261446 -0.04852114 0.9987425 -0.02964119 -0.01732201 0.9994105 -0.05440093 0.02559015 0.9981912 -0.09033671 0.08743721 0.9920656 -0.06551079 0.1011478 0.9927122 -0.03117435 0.1358708 0.990236 0.05454184 0.250169 0.9666647 0.5110001 0.8595806 0"
					"row5" "-0.8489785 0.5284273 0 -0.2013986 0.1689021 0.9648371 -0.05996321 0.08703855 0.9943987 -0.00560209 0.06343188 0.9979704 0.02558877 0.05537982 0.9981374 0.05360682 0.05360682 0.9971222 0.02762761 0.00688374 0.9995946 0.01088728 -0.0243548 0.9996441 0.00039321 -0.03371928 0.9994313 -0.01010076 -0.024355 0.9996523 -0.02684163 0.00688389 0.999616 -0.05282436 0.05360905 0.9971638 -0.02850376 0.05537545 0.9980586 0.00171315 0.06343279 0.9979846 0.0541687 0.08706743 0.9947286 0.1905401 0.1692763 0.9669747 0.8522453 0.5231425 0"
					"row6" "-0.9616585 0.2742498 0 -0.3015824 0.1013866 0.9480341 -0.1217141 0.05299877 0.9911492 -0.05238315 0.03557649 0.9979931 -0.0173215 0.0306233 0.9993808 0.00688374 0.02762761 0.9995946 0.03081554 0.03081554 0.9990499 0.00907544 -0.00561317 0.9999431 0.00032781 -0.01863108 0.9998264 -0.01102355 -0.00561306 0.9999235 -0.03016104 0.03081616 0.9990699 -0.00609716 0.02762775 0.9995997 0.01830413 0.03062276 0.9993634 0.05368825 0.03557402 0.9979239 0.1160005 0.05303529 0.9918321 0.2914571 0.101721 0.9511602 0.9624065 0.2716134 0"
					"row7" "-0.9923424 0.1235172 0 -0.3552589 0.05082818 0.933385 -0.1521998 0.0269007 0.9879836 -0.08343278 0.01808565 0.9963493 -0.04852051 0.01359664 0.9987296 -0.0243548 0.01088728 0.9996441 -0.00561317 0.00907544 0.9999431 0.01224185 0.01224185 0.9998502 0.00028102 -0.00784536 0.9999692 -0.01167995 0.01224193 0.9998568 0.00626884 0.00907541 0.9999392 0.02514095 0.01088706 0.9996247 0.04560781 0.01359851 0.9988669 0.08473014 0.01808366 0.9962398 0.1540976 0.02689269 0.9876896 0.3456689 0.05102332 0.9369683 0.9924768 0.1224329 0"
					"row8" "-0.9999906 0.00434135 0 -0.3683735 0.00182885 0.9296761 -0.1672849 0.00096974 0.9859081 -0.09374053 0.00065284 0.9955964 -0.05630525 0.00049102 0.9984134 -0.03371928 0.00039321 0.9994313 -0.01863108 0.00032781 0.9998264 -0.00784536 0.00028102 0.9999692 0.0002459 0.0002459 0.9999999 0.00840736 0.00028102 0.9999647 0.01928646 0.0003278 0.9998139 0.03450483 0.0003932 0.9994045 0.05728407 0.00049099 0.9983578 0.09503451 0.00065276 0.9954738 0.1691693 0.00096942 0.9855865 0.3715283 0.00182638 0.9284198 0.9999908 0.00430398 0"
					"row9" "-0.9933985 -0.1147151 0 -0.3553229 -0.04716438 0.933553 -0.1522075 -0.0249584 0.9880334 -0.08343469 -0.01677936 0.996372 -0.04852114 -0.01261446 0.9987425 -0.024355 -0.01010076 0.9996523 -0.00561306 -0.01102355 0.9999235 0.01224193 -0.01167995 0.9998568 0.00028102 0.00840736 0.9999647 -0.01168003 -0.01168003 0.9998636 0.00626871 -0.01102351 0.9999196 0.02514116 -0.01010056 0.9996329 0.04560839 -0.01261619 0.9988797 0.08473207 -0.01677752 0.9962625 0.1541054 -0.02495097 0.9877393 0.3457316 -0.04734551 0.9371382 0.9935144 -0.1137059 0"
					"row10" "-0.9642812 -0.2648808 0 -0.3016945 -0.09769298 0.9483863 -0.1217265 -0.05105417 0.9912498 -0.05237551 -0.03945978 0.9978475 -0.01732201 -0.02964119 0.9994105 0.00688389 -0.02684163 0.999616 0.03081616 -0.03016104 0.9990699 0.00907541 0.00626884 0.9999392 0.0003278 0.01928646 0.9998139 -0.01102351 0.00626871 0.9999196 -0.03016164 -0.03016164 0.9990898 -0.00609729 -0.02684177 0.999621 0.01830467 -0.02964067 0.999393 0.05368042 -0.03945704 0.9977783 0.1160123 -0.05108936 0.991933 0.291566 -0.09801536 0.9515158 0.9649808 -0.2623208 0"
					"row11" "-0.8542965 -0.519786 0 -0.2015264 -0.1652106 0.9654493 -0.05993189 -0.09280249 0.9938792 -0.00560255 -0.06212811 0.9980524 0.02559015 -0.05440093 0.9981912 0.05360905 -0.05282436 0.9971638 0.02762775 -0.00609716 0.9995997 0.01088706 0.02514095 0.9996247 0.0003932 0.03450483 0.9994045 -0.01010056 0.02514116 0.9996329 -0.02684177 -0.00609729 0.999621 -0.05282656 -0.05282656 0.9972054 -0.0285053 -0.05439664 0.9981124 0.0017133 -0.06212899 0.9980667 0.05414039 -0.09283326 0.9942087 0.1906616 -0.1655771 0.967591 0.8574765 -0.5145231 0"
					"row12" "-0.5468225 -0.8372485 0 -0.05079692 -0.2466483 0.9677728 0.03312906 -0.1339497 0.9904342 0.06166555 -0.09988358 0.9930864 0.08743721 -0.09033671 0.9920656 0.05537545 -0.02850376 0.9980586 0.03062276 0.01830413 0.9993634 0.01359851 0.04560781 0.9988669 0.00049099 0.05728407 0.9983578 -0.01261619 0.04560839 0.9988797 -0.02964067 0.01830467 0.999393 -0.05439664 -0.0285053 0.9981124 -0.09031343 -0.09031343 0.99181 -0.06551936 -0.09985901 0.9928421 -0.03118255 -0.1339581 0.9904963 0.05459341 -0.2465989 0.9675786 0.5171692 -0.8558831 0"
					"row13" "0.04832182 -0.9988318 0 0.126245 -0.3312247 0.9350682 0.1388838 -0.1874203 0.9724119 0.1473582 -0.1460753 0.9782369 0.1011478 -0.06551079 0.9927122 0.06343279 0.00171315 0.9979846 0.03557402 0.05368825 0.9979239 0.01808366 0.08473014 0.9962398 0.00065276 0.09503451 0.9954738 -0.01677752 0.08473207 0.9962625 -0.03945704 0.05368042 0.9977783 -0.06212899 0.0017133 0.9980667 -0.09985901 -0.06551936 0.9928421 -0.1461028 -0.1461028 0.9784212 -0.1370069 -0.1874698 0.9726686 -0.1226223 -0.3313763 0.9354963 -0.03617296 -0.9993455 0"
					"row14" "0.4468349 -0.8946165 0 0.3171421 -0.40285 0.8585643 0.2505755 -0.2487349 0.9355975 0.189315 -0.1369576 0.9723181 0.1358708 -0.03117435 0.990236 0.08706743 0.0541687 0.9947286 0.05303529 0.1160005 0.9918321 0.02689269 0.1540976 0.9876896 0.00096942 0.1691693 0.9855865 -0.02495097 0.1541054 0.9877393 -0.05108936 0.1160123 0.991933 -0.09283326 0.05414039 0.9942087 -0.1339581 -0.03118255 0.9904963 -0.1874698 -0.1370069 0.9726686 -0.2488493 -0.2488493 0.9360278 -0.3140992 -0.4032799 0.8594807 -0.4403681 -0.8978173 0"
					"row15" "0.6232373 -0.7820327 0 0.4640025 -0.4727604 0.7491323 0.4061058 -0.3136699 0.8583061 0.3346468 -0.1224722 0.9343511 0.250169 0.05454184 0.9666647 0.1692763 0.1905401 0.9669747 0.101721 0.2914571 0.9511602 0.05102332 0.3456689 0.9369683 0.00182638 0.3715283 0.9284198 -0.04734551 0.3457316 0.9371382 -0.09801536 0.291566 0.9515158 -0.1655771 0.1906616 0.967591 -0.2465989 0.05459341 0.9675786 -0.3313763 -0.1226223 0.9354963 -0.4032799 -0.3140992 0.8594807 -0.470833 -0.470833 0.7460781 -0.619911 -0.7846721 0"
					"row16" "0.7090448 -0.7051635 0 0.7783526 -0.6278274 0 0.8993646 -0.4371994 0 0.9993612 -0.03573817 0 0.8595806 0.5110001 0 0.5231425 0.8522453 0 0.2716134 0.9624065 0 0.1224329 0.9924768 0 0.00430398 0.9999908 0 -0.1137059 0.9935144 0 -0.2623208 0.9649808 0 -0.5145231 0.8574765 0 -0.8558831 0.5171692 0 -0.9993455 -0.03617296 0 -0.8978173 -0.4403681 0 -0.7846721 -0.619911 0 -0.7071068 -0.7071068 0"
				}
				distances
				{
					"row0" "65.05383 45.94847 31.55696 20.94609 18.49879 21.20195 24.95688 28.21607 29.00027 28.18607 24.88901 21.06997 18.28747 20.69459 31.33149 46.53123 64.87601"
					"row1" "45.94847 85.081 74.64484 68.52802 66.19378 66.33244 67.50812 68.56763 68.84118 68.55529 67.48306 66.29037 66.13123 68.44421 74.54305 85.43217 45.78997"
					"row2" "31.55696 74.64484 136.8738 131.6789 129.2702 128.721 129.143 129.5568 129.8295 129.5503 129.1299 128.7883 129.2363 131.6315 136.811 74.56548 31.44606"
					"row3" "20.94609 68.52802 131.6789 196.3084 193.362 192.3905 192.3861 192.7035 192.8492 192.6991 192.4142 192.3747 193.3367 196.2715 131.6442 68.49673 20.93559"
					"row4" "18.49879 66.19378 129.2702 193.362 257.981 256.4777 256.1586 256.3256 256.4068 256.3223 256.151 256.4639 258.0475 193.4095 129.2621 66.20703 18.10528"
					"row5" "21.20195 66.33244 128.721 192.3905 256.4777 320.9236 320.1298 320.1139 320.1821 320.1113 320.1229 320.9102 256.498 192.3877 128.6783 66.18581 21.41614"
					"row6" "24.95688 67.50812 129.143 192.3861 256.1586 320.1298 384.3652 384.0219 384.0667 384.0294 384.3575 320.1281 256.1631 192.3994 129.0541 67.28625 25.19913"
					"row7" "28.21607 68.56763 129.5568 192.7035 256.3256 320.1139 384.0219 448.0671 448.0138 448.0641 384.0233 320.1201 256.2904 192.7247 129.5954 68.3054 28.46596"
					"row8" "29.00027 68.84118 129.8295 192.8492 256.4068 320.1821 384.0667 448.0138 512.0001 448.0158 384.0715 320.1907 256.4211 192.873 129.8719 68.93433 29.25207"
					"row9" "28.18607 68.55529 129.5503 192.6991 256.3223 320.1113 384.0294 448.0641 448.0158 448.0611 384.0309 320.1175 256.2871 192.7203 129.5889 68.29302 28.43623"
					"row10" "24.88901 67.48306 129.1299 192.4142 256.151 320.1229 384.3575 384.0233 384.0715 384.0309 384.3498 320.1213 256.1555 192.4275 129.041 67.2611 25.1319"
					"row11" "21.06997 66.29037 128.7883 192.3747 256.4639 320.9102 320.1281 320.1201 320.1907 320.1175 320.1213 320.8968 256.4841 192.3719 128.7456 66.14365 21.28548"
					"row12" "18.28747 66.13123 129.2363 193.3367 258.0475 256.498 256.1631 256.2904 256.4211 256.2871 256.1555 256.4841 258.114 193.3842 129.2281 66.14449 17.88931"
					"row13" "20.69459 68.44421 131.6315 196.2715 193.4095 192.3877 192.3994 192.7247 192.873 192.7203 192.4275 192.3719 193.3842 196.2345 131.5967 68.41288 20.68395"
					"row14" "31.33149 74.54305 136.811 131.6442 129.2621 128.6783 129.0541 129.5954 129.8719 129.5889 129.041 128.7456 129.2281 131.5967 136.7481 74.46357 31.21979"
					"row15" "46.53123 85.43217 74.56548 68.49673 66.20703 66.18581 67.28625 68.3054 68.93433 68.29302 67.2611 66.14365 66.14449 68.41288 74.46357 85.7819 46.37472"
					"row16" "64.87601 45.78997 31.44606 20.93559 18.10528 21.41614 25.19913 28.46596 29.25207 28.43623 25.1319 21.28548 17.88931 20.68395 31.21979 46.37472 64.69772"
				}
				offsets
				{
					"row0" "0 0 0 0 0 0 0 0 0 0 0 0 0 0 0 0 0 0 0 0 0 0 0 0 0 0 0 0 0 0 0 0 0 0 0 0 0 0 0 0 0 0 0 0 0 0 0 0 0 0 0"
					"row1" "0 0 0 0 0 0 0 0 0 0 0 0 0 0 0 0 0 0 0 0 0 0 0 0 0 0 0 0 0 0 0 0 0 0 0 0 0 0 0 0 0 0 0 0 0 0 0 0 0 0 0"
					"row2" "0 0 0 0 0 0 0 0 0 0 0 0 0 0 0 0 0 0 0 0 0 0 0 0 0 0 0 0 0 0 0 0 0 0 0 0 0 0 0 0 0 0 0 0 0 0 0 0 0 0 0"
					"row3" "0 0 0 0 0 0 0 0 0 0 0 0 0 0 0 0 0 0 0 0 0 0 0 0 0 0 0 0 0 0 0 0 0 0 0 0 0 0 0 0 0 0 0 0 0 0 0 0 0 0 0"
					"row4" "0 0 0 0 0 0 0 0 0 0 0 0 0 0 0 0 0 0 0 0 0 0 0 0 0 0 0 0 0 0 0 0 0 0 0 0 0 0 0 0 0 0 0 0 0 0 0 0 0 0 0"
					"row5" "0 0 0 0 0 0 0 0 0 0 0 0 0 0 0 0 0 0 0 0 0 0 0 0 0 0 0 0 0 0 0 0 0 0 0 0 0 0 0 0 0 0 0 0 0 0 0 0 0 0 0"
					"row6" "0 0 0 0 0 0 0 0 0 0 0 0 0 0 0 0 0 0 0 0 0 0 0 0 0 0 0 0 0 0 0 0 0 0 0 0 0 0 0 0 0 0 0 0 0 0 0 0 0 0 0"
					"row7" "0 0 0 0 0 0 0 0 0 0 0 0 0 0 0 0 0 0 0 0 0 0 0 0 0 0 0 0 0 0 0 0 0 0 0 0 0 0 0 0 0 0 0 0 0 0 0 0 0 0 0"
					"row8" "0 0 0 0 0 0 0 0 0 0 0 0 0 0 0 0 0 0 0 0 0 0 0 0 0 0 0 0 0 0 0 0 0 0 0 0 0 0 0 0 0 0 0 0 0 0 0 0 0 0 0"
					"row9" "0 0 0 0 0 0 0 0 0 0 0 0 0 0 0 0 0 0 0 0 0 0 0 0 0 0 0 0 0 0 0 0 0 0 0 0 0 0 0 0 0 0 0 0 0 0 0 0 0 0 0"
					"row10" "0 0 0 0 0 0 0 0 0 0 0 0 0 0 0 0 0 0 0 0 0 0 0 0 0 0 0 0 0 0 0 0 0 0 0 0 0 0 0 0 0 0 0 0 0 0 0 0 0 0 0"
					"row11" "0 0 0 0 0 0 0 0 0 0 0 0 0 0 0 0 0 0 0 0 0 0 0 0 0 0 0 0 0 0 0 0 0 0 0 0 0 0 0 0 0 0 0 0 0 0 0 0 0 0 0"
					"row12" "0 0 0 0 0 0 0 0 0 0 0 0 0 0 0 0 0 0 0 0 0 0 0 0 0 0 0 0 0 0 0 0 0 0 0 0 0 0 0 0 0 0 0 0 0 0 0 0 0 0 0"
					"row13" "0 0 0 0 0 0 0 0 0 0 0 0 0 0 0 0 0 0 0 0 0 0 0 0 0 0 0 0 0 0 0 0 0 0 0 0 0 0 0 0 0 0 0 0 0 0 0 0 0 0 0"
					"row14" "0 0 0 0 0 0 0 0 0 0 0 0 0 0 0 0 0 0 0 0 0 0 0 0 0 0 0 0 0 0 0 0 0 0 0 0 0 0 0 0 0 0 0 0 0 0 0 0 0 0 0"
					"row15" "0 0 0 0 0 0 0 0 0 0 0 0 0 0 0 0 0 0 0 0 0 0 0 0 0 0 0 0 0 0 0 0 0 0 0 0 0 0 0 0 0 0 0 0 0 0 0 0 0 0 0"
					"row16" "0 0 0 0 0 0 0 0 0 0 0 0 0 0 0 0 0 0 0 0 0 0 0 0 0 0 0 0 0 0 0 0 0 0 0 0 0 0 0 0 0 0 0 0 0 0 0 0 0 0 0"
				}
				offset_normals
				{
					"row0" "0 0 1 0 0 1 0 0 1 0 0 1 0 0 1 0 0 1 0 0 1 0 0 1 0 0 1 0 0 1 0 0 1 0 0 1 0 0 1 0 0 1 0 0 1 0 0 1 0 0 1"
					"row1" "0 0 1 0 0 1 0 0 1 0 0 1 0 0 1 0 0 1 0 0 1 0 0 1 0 0 1 0 0 1 0 0 1 0 0 1 0 0 1 0 0 1 0 0 1 0 0 1 0 0 1"
					"row2" "0 0 1 0 0 1 0 0 1 0 0 1 0 0 1 0 0 1 0 0 1 0 0 1 0 0 1 0 0 1 0 0 1 0 0 1 0 0 1 0 0 1 0 0 1 0 0 1 0 0 1"
					"row3" "0 0 1 0 0 1 0 0 1 0 0 1 0 0 1 0 0 1 0 0 1 0 0 1 0 0 1 0 0 1 0 0 1 0 0 1 0 0 1 0 0 1 0 0 1 0 0 1 0 0 1"
					"row4" "0 0 1 0 0 1 0 0 1 0 0 1 0 0 1 0 0 1 0 0 1 0 0 1 0 0 1 0 0 1 0 0 1 0 0 1 0 0 1 0 0 1 0 0 1 0 0 1 0 0 1"
					"row5" "0 0 1 0 0 1 0 0 1 0 0 1 0 0 1 0 0 1 0 0 1 0 0 1 0 0 1 0 0 1 0 0 1 0 0 1 0 0 1 0 0 1 0 0 1 0 0 1 0 0 1"
					"row6" "0 0 1 0 0 1 0 0 1 0 0 1 0 0 1 0 0 1 0 0 1 0 0 1 0 0 1 0 0 1 0 0 1 0 0 1 0 0 1 0 0 1 0 0 1 0 0 1 0 0 1"
					"row7" "0 0 1 0 0 1 0 0 1 0 0 1 0 0 1 0 0 1 0 0 1 0 0 1 0 0 1 0 0 1 0 0 1 0 0 1 0 0 1 0 0 1 0 0 1 0 0 1 0 0 1"
					"row8" "0 0 1 0 0 1 0 0 1 0 0 1 0 0 1 0 0 1 0 0 1 0 0 1 0 0 1 0 0 1 0 0 1 0 0 1 0 0 1 0 0 1 0 0 1 0 0 1 0 0 1"
					"row9" "0 0 1 0 0 1 0 0 1 0 0 1 0 0 1 0 0 1 0 0 1 0 0 1 0 0 1 0 0 1 0 0 1 0 0 1 0 0 1 0 0 1 0 0 1 0 0 1 0 0 1"
					"row10" "0 0 1 0 0 1 0 0 1 0 0 1 0 0 1 0 0 1 0 0 1 0 0 1 0 0 1 0 0 1 0 0 1 0 0 1 0 0 1 0 0 1 0 0 1 0 0 1 0 0 1"
					"row11" "0 0 1 0 0 1 0 0 1 0 0 1 0 0 1 0 0 1 0 0 1 0 0 1 0 0 1 0 0 1 0 0 1 0 0 1 0 0 1 0 0 1 0 0 1 0 0 1 0 0 1"
					"row12" "0 0 1 0 0 1 0 0 1 0 0 1 0 0 1 0 0 1 0 0 1 0 0 1 0 0 1 0 0 1 0 0 1 0 0 1 0 0 1 0 0 1 0 0 1 0 0 1 0 0 1"
					"row13" "0 0 1 0 0 1 0 0 1 0 0 1 0 0 1 0 0 1 0 0 1 0 0 1 0 0 1 0 0 1 0 0 1 0 0 1 0 0 1 0 0 1 0 0 1 0 0 1 0 0 1"
					"row14" "0 0 1 0 0 1 0 0 1 0 0 1 0 0 1 0 0 1 0 0 1 0 0 1 0 0 1 0 0 1 0 0 1 0 0 1 0 0 1 0 0 1 0 0 1 0 0 1 0 0 1"
					"row15" "0 0 1 0 0 1 0 0 1 0 0 1 0 0 1 0 0 1 0 0 1 0 0 1 0 0 1 0 0 1 0 0 1 0 0 1 0 0 1 0 0 1 0 0 1 0 0 1 0 0 1"
					"row16" "0 0 1 0 0 1 0 0 1 0 0 1 0 0 1 0 0 1 0 0 1 0 0 1 0 0 1 0 0 1 0 0 1 0 0 1 0 0 1 0 0 1 0 0 1 0 0 1 0 0 1"
				}
				alphas
				{
					"row0" "0 0 0 0 0 0 0 0 0 0 0 0 0 0 0 0 0"
					"row1" "0 0 0 0 0 0 0 0 0 0 0 0 0 0 0 0 0"
					"row2" "0 0 0 0 0 0 0 0 0 0 0 0 0 0 0 0 0"
					"row3" "0 0 0 0 0 0 0 0 0 0 0 0 0 0 0 0 0"
					"row4" "0 0 0 0 0 0 0 0 0 0 0 0 0 0 0 0 0"
					"row5" "0 0 0 0 0 0 0 0 0 0 0 0 0 0 0 0 0"
					"row6" "0 0 0 0 0 0 0 0 0 0 0 0 0 0 0 0 0"
					"row7" "0 0 0 0 0 0 0 0 0 0 0 0 0 0 0 0 0"
					"row8" "0 0 0 0 0 0 0 0 0 0 0 0 0 0 0 0 0"
					"row9" "0 0 0 0 0 0 0 0 0 0 0 0 0 0 0 0 0"
					"row10" "0 0 0 0 0 0 0 0 0 0 0 0 0 0 0 0 0"
					"row11" "0 0 0 0 0 0 0 0 0 0 0 0 0 0 0 0 0"
					"row12" "0 0 0 0 0 0 0 0 0 0 0 0 0 0 0 0 0"
					"row13" "0 0 0 0 0 0 0 0 0 0 0 0 0 0 0 0 0"
					"row14" "0 0 0 0 0 0 0 0 0 0 0 0 0 0 0 0 0"
					"row15" "0 0 0 0 0 0 0 0 0 0 0 0 0 0 0 0 0"
					"row16" "0 0 0 0 0 0 0 0 0 0 0 0 0 0 0 0 0"
				}
				triangle_tags
				{
					"row0" "0 0 0 0 0 0 0 0 0 0 0 0 0 0 0 0 0 0 0 0 0 0 0 0 0 0 0 0 0 0 0 0"
					"row1" "0 0 0 0 0 0 0 0 0 0 0 0 0 0 0 0 0 0 0 0 0 0 0 0 0 0 0 0 0 0 0 0"
					"row2" "0 0 0 0 0 0 0 0 0 0 0 0 0 0 0 0 0 0 0 0 0 0 0 0 0 0 0 0 0 0 0 0"
					"row3" "0 0 0 0 0 0 0 0 0 0 0 0 0 0 0 0 0 0 0 0 0 0 0 0 0 0 0 0 0 0 0 0"
					"row4" "0 0 0 0 0 0 0 0 0 0 0 0 0 0 0 0 0 0 0 0 0 0 0 0 0 0 0 0 0 0 0 0"
					"row5" "0 0 0 0 0 0 0 0 0 0 0 0 0 0 0 0 0 0 0 0 0 0 0 0 0 0 0 0 0 0 0 0"
					"row6" "0 0 0 0 0 0 0 0 0 0 0 0 0 0 0 0 0 0 0 0 0 0 0 0 0 0 0 0 0 0 0 0"
					"row7" "0 0 0 0 0 0 0 0 0 0 0 0 0 0 0 0 0 0 0 0 0 0 0 0 0 0 0 0 0 0 0 0"
					"row8" "0 0 0 0 0 0 0 0 0 0 0 0 0 0 0 0 0 0 0 0 0 0 0 0 0 0 0 0 0 0 0 0"
					"row9" "0 0 0 0 0 0 0 0 0 0 0 0 0 0 0 0 0 0 0 0 0 0 0 0 0 0 0 0 0 0 0 0"
					"row10" "0 0 0 0 0 0 0 0 0 0 0 0 0 0 0 0 0 0 0 0 0 0 0 0 0 0 0 0 0 0 0 0"
					"row11" "0 0 0 0 0 0 0 0 0 0 0 0 0 0 0 0 0 0 0 0 0 0 0 0 0 0 0 0 0 0 0 0"
					"row12" "0 0 0 0 0 0 0 0 0 0 0 0 0 0 0 0 0 0 0 0 0 0 0 0 0 0 0 0 0 0 0 0"
					"row13" "0 0 0 0 0 0 0 0 0 0 0 0 0 0 0 0 0 0 0 0 0 0 0 0 0 0 0 0 0 0 0 0"
					"row14" "0 0 0 0 0 0 0 0 0 0 0 0 0 0 0 0 0 0 0 0 0 0 0 0 0 0 0 0 0 0 0 0"
					"row15" "0 0 0 0 0 0 0 0 0 0 0 0 0 0 0 0 0 0 0 0 0 0 0 0 0 0 0 0 0 0 0 0"
				}
				allowed_verts
				{
					"10" "-1 -1 -1 -1 -1 -1 -1 -1 -1 -1"
				}
			}
		}
		side
		{
			"id" "2"
			"plane" "(0 453.7482 -64) (0 0 -64) (453.7482 0 -64)"
			"material" "CONCRETE/CONCRETEFLOOR005A"
			"uaxis" "[1 0 0 0] 0.25"
			"vaxis" "[0 -1 0 0] 0.25"
			"rotation" "0"
			"lightmapscale" "16"
			"smoothing_groups" "0"
		}
		side
		{
			"id" "3"
			"plane" "(0 0 -64) (0 453.7482 -64) (0 453.7482 0)"
			"material" "CONCRETE/CONCRETEFLOOR005A"
			"uaxis" "[0 1 0 0] 0.25"
			"vaxis" "[0 0 -1 0] 0.25"
			"rotation" "0"
			"lightmapscale" "16"
			"smoothing_groups" "0"
		}
		side
		{
			"id" "4"
			"plane" "(453.7482 453.7482 -64) (453.7482 0 -64) (453.7482 0 0)"
			"material" "CONCRETE/CONCRETEFLOOR005A"
			"uaxis" "[0 1 0 0] 0.25"
			"vaxis" "[0 0 -1 0] 0.25"
			"rotation" "0"
			"lightmapscale" "16"
			"smoothing_groups" "0"
		}
		side
		{
			"id" "5"
			"plane" "(0 453.7482 -64) (453.7482 453.7482 -64) (453.7482 453.7482 0)"
			"material" "CONCRETE/CONCRETEFLOOR005A"
			"uaxis" "[1 0 0 0] 0.25"
			"vaxis" "[0 0 -1 0] 0.25"
			"rotation" "0"
			"lightmapscale" "16"
			"smoothing_groups" "0"
		}
		side
		{
			"id" "6"
			"plane" "(453.7482 0 -64) (0 0 -64) (0 0 0)"
			"material" "CONCRETE/CONCRETEFLOOR005A"
			"uaxis" "[1 0 0 0] 0.25"
			"vaxis" "[0 0 -1 0] 0.25"
			"rotation" "0"
			"lightmapscale" "16"
			"smoothing_groups" "0"
		}
		editor
		{
			"color" "0 173 190"
			"visgroupshown" "1"
			"visgroupautoshown" "1"
		}
	}
}
cameras
{
	"activecamera" "-1"
}
cordon
{
	"mins" "(-1024 -1024 -1024)"
	"maxs" "(1024 1024 1024)"
	"active" "0"
}
