versioninfo
{
	"editorversion" "400"
	"editorbuild" "3576"
	"mapversion" "1"
	"formatversion" "100"
	"prefab" "0"
}
visgroups
{
}
viewsettings
{
	"bSnapToGrid" "1"
	"bShowGrid" "1"
	"bShowLogicalGrid" "0"
	"nGridSpacing" "64"
	"bShow3DGrid" "0"
}
world
{
	"id" "1"
	"mapversion" "1"
	"classname" "worldspawn"
	"skyname" "sky_day01_01"
	"maxpropscreenwidth" "-1"
	"detailvbsp" "detail.vbsp"
	"detailmaterial" "detail/detailsprites"
	solid
	{
		"id" "2"
		side
		{
			"id" "1"
			"plane" "(0 0 0) (0 907.4964 0) (907.4964 907.4964 0)"
			"material" "CONCRETE/CONCRETEFLOOR005A"
			"uaxis" "[1 0 0 0] 0.25"
			"vaxis" "[0 -1 0 0] 0.25"
			"rotation" "0"
			"lightmapscale" "16"
			"smoothing_groups" "0"
			dispinfo
			{
				"power" "4"
				"startposition" "[0 0 0]"
				"flags" "0"
				"elevation" "0"
				"subdiv" "0"
				normals
				{
					"row0" "0.1741525 0.1741525 0.9691965 0.1389174 0.1114699 0.9840104 0.1077288 0.05428812 0.9926969 0.08145519 0.00389324 0.9966695 0.06063916 -0.03701561 0.9974732 0.04167208 -0.0700784 0.9966707 0.02660987 -0.09330765 0.9952816 0.01353199 -0.1087166 0.9939806 0.00048867 -0.1125613 0.9936447 -0.01255448 -0.108718 0.9939933 -0.02563157 -0.09331004 0.9953071 -0.04263659 -0.07007556 0.9966301 -0.0596616 -0.03701779 0.997532 -0.08241495 0.00389293 0.9965905 -0.1086799 0.05428246 0.9925936 -0.1379681 0.1114849 0.9841422 -0.1732279 0.1741813 0.969357"
					"row1" "0.1114699 0.1389174 0.9840104 0.1015609 0.1015609 0.9896316 0.06674757 0.0103682 0.9977161 0.0407584 -0.06707045 0.9969154 0.02194513 -0.1339868 0.9907401 0.01051616 -0.1830531 0.9830468 0.00399908 -0.2195522 0.9755926 0.00228652 -0.2396919 0.9708463 0.00059233 -0.2463385 0.9691836 -0.00109983 -0.2396924 0.9708483 -0.0051745 -0.219551 0.9755873 -0.00931459 -0.1830553 0.9830585 -0.02073469 -0.1339903 0.9907657 -0.03954178 -0.06707373 0.9969642 -0.06553325 0.01036903 0.9977965 -0.1003635 0.1015733 0.9897525 -0.1105139 0.1389323 0.984116"
					"row2" "0.05428812 0.1077288 0.9926969 0.0103682 0.06674757 0.9977161 0.01759882 0.01759882 0.9996902 -0.01306753 -0.1114345 0.9936859 -0.03050483 -0.2145174 0.9762437 -0.03204471 -0.2917405 0.9559605 -0.02763791 -0.3456151 0.9379693 -0.01474364 -0.3764923 0.9263025 0.0007349 -0.3865303 0.9222764 0.0132888 -0.3764999 0.9263214 0.02616551 -0.3456288 0.9380065 0.03356661 -0.291726 0.9559128 0.02897255 -0.2145271 0.9762883 0.01465082 -0.111432 0.9936641 -0.01916859 0.01759831 0.9996613 -0.01157019 0.06674668 0.9977028 -0.05524765 0.1077232 0.9926447"
					"row3" "0.00389324 0.08145519 0.9966695 -0.06707045 0.0407584 0.9969154 -0.1114345 -0.01306753 0.9936859 -0.07482135 -0.07482135 0.994386 -0.09644805 -0.2578609 0.9613561 -0.0949138 -0.3868367 0.9172506 -0.07074324 -0.4680719 0.8808542 -0.03766819 -0.5151122 0.8562946 0.00093715 -0.5290766 0.8485736 0.03580632 -0.5151474 0.8563532 0.06883467 -0.4681346 0.8809721 0.09293433 -0.3869093 0.9174227 0.09855101 -0.2578076 0.9611571 0.07700489 -0.07480888 0.9942203 0.1098926 -0.01306979 0.9938576 0.06828333 0.04075504 0.9968332 -0.00485952 0.08145484 0.9966652"
					"row4" "-0.03701561 0.06063916 0.9974732 -0.1339868 0.02194513 0.9907401 -0.2145174 -0.03050483 0.9762437 -0.2578609 -0.09644805 0.9613561 -0.1857348 -0.1857348 0.9648861 -0.1799775 -0.434604 0.8824553 -0.135726 -0.5784531 0.8043448 -0.07099772 -0.6471125 0.7590815 0.00124827 -0.6686193 0.7436038 0.06849768 -0.6472259 0.7592146 0.1331118 -0.5786601 0.8046327 0.1828421 -0.4343705 0.8819813 0.1888596 -0.1856222 0.964301 0.2559054 -0.09649993 0.9618733 0.2130537 -0.03051484 0.9765638 0.1328142 0.02194863 0.9908979 0.03799532 0.06063693 0.9974365"
					"row5" "-0.0700784 0.04167208 0.9966707 -0.1830531 0.01051616 0.9830468 -0.2917405 -0.03204471 0.9559605 -0.3868367 -0.0949138 0.9172506 -0.434604 -0.1799775 0.8824553 -0.317781 -0.317781 0.8933255 -0.2387283 -0.6458524 0.7251782 -0.1247816 -0.7663825 0.6301486 0.00175747 -0.7998127 0.6002471 0.1211986 -0.7667255 0.6304306 0.2427267 -0.6451928 0.7244377 0.3224725 -0.3172497 0.8918319 0.4370024 -0.1797454 0.8813174 0.3851365 -0.09498702 0.9179582 0.2931335 -0.03203044 0.9555348 0.1842141 0.01051384 0.9828299 0.07105381 0.0416692 0.9966017"
					"row6" "-0.09330765 0.02660987 0.9952816 -0.2195522 0.00399908 0.9755926 -0.3456151 -0.02763791 0.9379693 -0.4680719 -0.07074324 0.8808542 -0.5784531 -0.135726 0.8043448 -0.6458524 -0.2387283 0.7251782 -0.4781388 -0.4781388 0.7367269 -0.2257793 -0.8429146 0.4883837 0.0027645 -0.9036898 0.4281789 0.2317514 -0.8417003 0.4876801 0.4708567 -0.4802758 0.7400197 0.6434028 -0.2393742 0.7271401 0.5766778 -0.135935 0.8055833 0.4695892 -0.07067877 0.8800514 0.3469304 -0.02762361 0.937484 0.2184329 0.00400011 0.9758438 0.09427796 0.02660743 0.9951903"
					"row7" "-0.1087166 0.01353199 0.9939806 -0.2396919 0.00228652 0.9708463 -0.3764923 -0.01474364 0.9263025 -0.5151122 -0.03766819 0.8562946 -0.6471125 -0.07099772 0.7590815 -0.7663825 -0.1247816 0.6301486 -0.8429146 -0.2257793 0.4883837 -0.6314399 -0.6314399 0.4500749 0.0056998 -0.9740267 0.2263617 0.6177186 -0.6403765 0.4564447 0.8447258 -0.2245842 0.4857985 0.7678989 -0.1244294 0.6283697 0.6485901 -0.0708807 0.7578304 0.5137407 -0.03770435 0.8571167 0.3777582 -0.01473543 0.925787 0.2408099 0.00228587 0.9705697 0.1077642 0.01353341 0.9940844"
					"row8" "-0.1125613 0.00048867 0.9936447 -0.2463385 0.00059233 0.9691836 -0.3865303 0.0007349 0.9222764 -0.5290766 0.00093715 0.8485736 -0.6686193 0.00124827 0.7436038 -0.7998127 0.00175747 0.6002471 -0.9036898 0.0027645 0.4281789 -0.9740267 0.0056998 0.2263617 0.7071068 0.7071068 0 0.9746016 0.00563719 0.2238751 0.9046959 0.00275075 0.4260489 0.7985592 0.00176235 0.6019136 0.6699963 0.00124618 0.7423634 0.5277443 0.00093807 0.8494028 0.3877795 0.00073449 0.9217519 0.2474508 0.00059216 0.9689003 0.1135261 0.00048862 0.9935349"
					"row9" "-0.108718 -0.01255448 0.9939933 -0.2396924 -0.00109983 0.9708483 -0.3764999 0.0132888 0.9263214 -0.5151474 0.03580632 0.8563532 -0.6472259 0.06849768 0.7592146 -0.7667255 0.1211986 0.6304306 -0.8417003 0.2317514 0.4876801 -0.6403765 0.6177186 0.4564447 0.00563719 0.9746016 0.2238751 0.6267157 0.6267157 0.4630928 0.8435217 0.2305281 0.485106 0.7682407 0.1208561 0.6286494 0.6487033 0.06838473 0.7579628 0.5137759 0.03584071 0.8571755 0.3777659 0.0132814 0.9258059 0.2408104 -0.00109952 0.9705716 0.1077656 -0.01255579 0.994097"
					"row10" "-0.09331004 -0.02563157 0.9953071 -0.219551 -0.0051745 0.9755873 -0.3456288 0.02616551 0.9380065 -0.4681346 0.06883467 0.8809721 -0.5786601 0.1331118 0.8046327 -0.6451928 0.2427267 0.7244377 -0.4802758 0.4708567 0.7400197 -0.2245842 0.8447258 0.4857985 0.00275075 0.9046959 0.4260489 0.2305281 0.8435217 0.485106 0.4729801 0.4729801 0.743357 0.6427422 0.243382 0.7263936 0.5768848 0.1333169 0.8058725 0.4696519 0.06877192 0.880169 0.3469442 0.02615197 0.9375211 0.2184318 -0.00517583 0.9758385 0.09428037 -0.02562922 0.9952158"
					"row11" "-0.07007556 -0.04263659 0.9966301 -0.1830553 -0.00931459 0.9830585 -0.291726 0.03356661 0.9559128 -0.3869093 0.09293433 0.9174227 -0.4343705 0.1828421 0.8819813 -0.3172497 0.3224725 0.8918319 -0.2393742 0.6434028 0.7271401 -0.1244294 0.7678989 0.6283697 0.00176235 0.7985592 0.6019136 0.1208561 0.7682407 0.6286494 0.243382 0.6427422 0.7263936 0.3219351 0.3219351 0.8903458 0.4367682 0.1826066 0.8808452 0.3852089 0.09300604 0.9181307 0.2931189 0.03355166 0.9554871 0.1842163 -0.00931254 0.9828417 0.07105092 -0.04263364 0.9965611"
					"row12" "-0.03701779 -0.0596616 0.997532 -0.1339903 -0.02073469 0.9907657 -0.2145271 0.02897255 0.9762883 -0.2578076 0.09855101 0.9611571 -0.1856222 0.1888596 0.964301 -0.1797454 0.4370024 0.8813174 -0.135935 0.5766778 0.8055833 -0.0708807 0.6485901 0.7578304 0.00124618 0.6699963 0.7423634 0.06838473 0.6487033 0.7579628 0.1333169 0.5768848 0.8058725 0.1826066 0.4367682 0.8808452 0.1887452 0.1887452 0.963717 0.2558524 0.09860399 0.961674 0.2130634 0.02898205 0.9766084 0.1328177 -0.02073799 0.9909235 0.03799756 -0.05965941 0.9974954"
					"row13" "0.00389293 -0.08241495 0.9965905 -0.06707373 -0.03954178 0.9969642 -0.111432 0.01465082 0.9936641 -0.07480888 0.07700489 0.9942203 -0.09649993 0.2559054 0.9618733 -0.09498702 0.3851365 0.9179582 -0.07067877 0.4695892 0.8800514 -0.03770435 0.5137407 0.8571167 0.00093807 0.5277443 0.8494028 0.03584071 0.5137759 0.8571755 0.06877192 0.4696519 0.880169 0.09300604 0.3852089 0.9181307 0.09860399 0.2558524 0.961674 0.07699206 0.07699206 0.9940546 0.1098902 0.01465335 0.9938357 0.06828667 -0.03953851 0.9968819 -0.00485914 -0.08241461 0.9965863"
					"row14" "0.05428246 -0.1086799 0.9925936 0.01036903 -0.06553325 0.9977965 0.01759831 -0.01916859 0.9996613 -0.01306979 0.1098926 0.9938576 -0.03051484 0.2130537 0.9765638 -0.03203044 0.2931335 0.9555348 -0.02762361 0.3469304 0.937484 -0.01473543 0.3777582 0.925787 0.00073449 0.3877795 0.9217519 0.0132814 0.3777659 0.9258059 0.02615197 0.3469442 0.9375211 0.03355166 0.2931189 0.9554871 0.02898205 0.2130634 0.9766084 0.01465335 0.1098902 0.9938357 -0.01916804 -0.01916804 0.9996325 -0.01157112 -0.06553239 0.9977834 -0.0552419 -0.1086742 0.9925413"
					"row15" "0.1114849 -0.1379681 0.9841422 0.1015733 -0.1003635 0.9897525 0.06674668 -0.01157019 0.9977028 0.04075504 0.06828333 0.9968332 0.02194863 0.1328142 0.9908979 0.01051384 0.1842141 0.9828299 0.00400011 0.2184329 0.9758438 0.00228587 0.2408099 0.9705697 0.00059216 0.2474508 0.9689003 -0.00109952 0.2408104 0.9705716 -0.00517583 0.2184318 0.9758385 -0.00931254 0.1842163 0.9828417 -0.02073799 0.1328177 0.9909235 -0.03953851 0.06828667 0.9968819 -0.06553239 -0.01157112 0.9977834 -0.1003758 -0.1003758 0.9898734 -0.1105287 -0.1379829 0.984248"
					"row16" "0.1741813 -0.1732279 0.969357 0.1389323 -0.1105139 0.984116 0.1077232 -0.05524765 0.9926447 0.08145484 -0.00485952 0.9966652 0.06063693 0.03799532 0.9974365 0.0416692 0.07105381 0.9966017 0.02660743 0.09427796 0.9951903 0.01353341 0.1077642 0.9940844 0.00048862 0.1135261 0.9935349 -0.01255579 0.1077656 0.994097 -0.02562922 0.09428037 0.9952158 -0.04263364 0.07105092 0.9965611 -0.05965941 0.03799756 0.9974954 -0.08241461 -0.00485914 0.9965863 -0.1086742 -0.0552419 0.9925413 -0.1379829 -0.1105287 0.984248 -0.1732566 -0.1732566 0.9695175"
				}
				distances
				{
					"row0" "528.2726 520.3197 515.7667 513.7109 513.297 513.7103 514.4272 515.1006 515.2747 515.094 514.4141 513.7312 513.2667 513.7516 515.8204 520.25 528.1852"
					"row1" "520.3197 416.3165 412.9431 413.2748 415.8507 419.1052 422.3074 424.372 425.1 424.3712 422.3097 419.1002 415.84 413.2546 412.9099 416.2657 520.2639"
					"row2" "515.7667 412.9431 316.0979 318.0079 323.6897 330.5576 336.898 341.1413 342.6305 341.1343 336.8847 330.5741 323.6749 318.0149 316.1071 412.9486 515.7938"
					"row3" "513.7109 413.2748 318.0079 229.2872 237.165 248.5689 258.8397 266.2635 268.6862 266.2453 258.805 248.5223 237.2141 229.3254 317.953 413.3089 513.7131"
					"row4" "513.297 415.8507 323.6897 237.165 155.4588 169.9803 186.4872 197.6072 201.7203 197.5726 186.4205 170.0716 155.5531 237.0375 323.5836 415.7845 513.3159"
					"row5" "513.7103 419.1052 330.5576 248.5689 169.9803 96.2695 118.5915 136.4757 143.2743 136.4147 118.7128 96.43073 170.1997 248.3773 330.7049 419.1977 513.7458"
					"row6" "514.4272 422.3074 336.898 258.8397 186.4872 118.5915 52.93684 79.85525 91.08342 79.97046 52.7013 118.2716 186.2005 259.0758 337.0724 422.1987 514.4745"
					"row7" "515.1006 424.372 341.1413 266.2635 197.6072 136.4757 79.85525 22.21853 44.17709 21.90846 80.2802 136.8621 197.9335 266.0081 341.3312 424.493 515.0468"
					"row8" "515.2747 425.1 342.6305 268.6862 201.7203 143.2743 91.08342 44.17709 0.3560997 44.66776 91.53878 142.8776 202.0574 268.4239 342.8254 425.2244 515.3317"
					"row9" "515.094 424.3712 341.1343 266.2453 197.5726 136.4147 79.97046 21.90846 44.66776 21.59394 80.3948 136.8012 197.8989 265.9899 341.3242 424.4921 515.0403"
					"row10" "514.4141 422.3097 336.8847 258.805 186.4205 118.7128 52.7013 80.2802 91.53878 80.3948 52.4647 118.3931 186.1337 259.0412 337.0591 422.201 514.4613"
					"row11" "513.7312 419.1002 330.5741 248.5223 170.0716 96.43073 118.2716 136.8621 142.8776 136.8012 118.3931 96.59168 170.291 248.3307 330.7214 419.1927 513.7668"
					"row12" "513.2667 415.84 323.6749 237.2141 155.5531 170.1997 186.2005 197.9335 202.0574 197.8989 186.1337 170.291 155.6474 237.0866 323.5688 415.7738 513.2856"
					"row13" "513.7516 413.2546 318.0149 229.3254 237.0375 248.3773 259.0758 266.0081 268.4239 265.9899 259.0412 248.3307 237.0866 229.3637 317.96 413.2887 513.7538"
					"row14" "515.8204 412.9099 316.1071 317.953 323.5836 330.7049 337.0724 341.3312 342.8254 341.3242 337.0591 330.7214 323.5688 317.96 316.1162 412.9153 515.8475"
					"row15" "520.25 416.2657 412.9486 413.3089 415.7845 419.1977 422.1987 424.493 425.2244 424.4921 422.201 419.1927 415.7738 413.2887 412.9153 416.2148 520.1941"
					"row16" "528.1852 520.2639 515.7938 513.7131 513.3159 513.7458 514.4745 515.0468 515.3317 515.0403 514.4613 513.7668 513.2856 513.7538 515.8475 520.1941 528.0977"
				}
				offsets
				{
					"row0" "0 0 0 0 0 0 0 0 0 0 0 0 0 0 0 0 0 0 0 0 0 0 0 0 0 0 0 0 0 0 0 0 0 0 0 0 0 0 0 0 0 0 0 0 0 0 0 0 0 0 0"
					"row1" "0 0 0 0 0 0 0 0 0 0 0 0 0 0 0 0 0 0 0 0 0 0 0 0 0 0 0 0 0 0 0 0 0 0 0 0 0 0 0 0 0 0 0 0 0 0 0 0 0 0 0"
					"row2" "0 0 0 0 0 0 0 0 0 0 0 0 0 0 0 0 0 0 0 0 0 0 0 0 0 0 0 0 0 0 0 0 0 0 0 0 0 0 0 0 0 0 0 0 0 0 0 0 0 0 0"
					"row3" "0 0 0 0 0 0 0 0 0 0 0 0 0 0 0 0 0 0 0 0 0 0 0 0 0 0 0 0 0 0 0 0 0 0 0 0 0 0 0 0 0 0 0 0 0 0 0 0 0 0 0"
					"row4" "0 0 0 0 0 0 0 0 0 0 0 0 0 0 0 0 0 0 0 0 0 0 0 0 0 0 0 0 0 0 0 0 0 0 0 0 0 0 0 0 0 0 0 0 0 0 0 0 0 0 0"
					"row5" "0 0 0 0 0 0 0 0 0 0 0 0 0 0 0 0 0 0 0 0 0 0 0 0 0 0 0 0 0 0 0 0 0 0 0 0 0 0 0 0 0 0 0 0 0 0 0 0 0 0 0"
					"row6" "0 0 0 0 0 0 0 0 0 0 0 0 0 0 0 0 0 0 0 0 0 0 0 0 0 0 0 0 0 0 0 0 0 0 0 0 0 0 0 0 0 0 0 0 0 0 0 0 0 0 0"
					"row7" "0 0 0 0 0 0 0 0 0 0 0 0 0 0 0 0 0 0 0 0 0 0 0 0 0 0 0 0 0 0 0 0 0 0 0 0 0 0 0 0 0 0 0 0 0 0 0 0 0 0 0"
					"row8" "0 0 0 0 0 0 0 0 0 0 0 0 0 0 0 0 0 0 0 0 0 0 0 0 0 0 0 0 0 0 0 0 0 0 0 0 0 0 0 0 0 0 0 0 0 0 0 0 0 0 0"
					"row9" "0 0 0 0 0 0 0 0 0 0 0 0 0 0 0 0 0 0 0 0 0 0 0 0 0 0 0 0 0 0 0 0 0 0 0 0 0 0 0 0 0 0 0 0 0 0 0 0 0 0 0"
					"row10" "0 0 0 0 0 0 0 0 0 0 0 0 0 0 0 0 0 0 0 0 0 0 0 0 0 0 0 0 0 0 0 0 0 0 0 0 0 0 0 0 0 0 0 0 0 0 0 0 0 0 0"
					"row11" "0 0 0 0 0 0 0 0 0 0 0 0 0 0 0 0 0 0 0 0 0 0 0 0 0 0 0 0 0 0 0 0 0 0 0 0 0 0 0 0 0 0 0 0 0 0 0 0 0 0 0"
					"row12" "0 0 0 0 0 0 0 0 0 0 0 0 0 0 0 0 0 0 0 0 0 0 0 0 0 0 0 0 0 0 0 0 0 0 0 0 0 0 0 0 0 0 0 0 0 0 0 0 0 0 0"
					"row13" "0 0 0 0 0 0 0 0 0 0 0 0 0 0 0 0 0 0 0 0 0 0 0 0 0 0 0 0 0 0 0 0 0 0 0 0 0 0 0 0 0 0 0 0 0 0 0 0 0 0 0"
					"row14" "0 0 0 0 0 0 0 0 0 0 0 0 0 0 0 0 0 0 0 0 0 0 0 0 0 0 0 0 0 0 0 0 0 0 0 0 0 0 0 0 0 0 0 0 0 0 0 0 0 0 0"
					"row15" "0 0 0 0 0 0 0 0 0 0 0 0 0 0 0 0 0 0 0 0 0 0 0 0 0 0 0 0 0 0 0 0 0 0 0 0 0 0 0 0 0 0 0 0 0 0 0 0 0 0 0"
					"row16" "0 0 0 0 0 0 0 0 0 0 0 0 0 0 0 0 0 0 0 0 0 0 0 0 0 0 0 0 0 0 0 0 0 0 0 0 0 0 0 0 0 0 0 0 0 0 0 0 0 0 0"
				}
				offset_normals
				{
					"row0" "0 0 1 0 0 1 0 0 1 0 0 1 0 0 1 0 0 1 0 0 1 0 0 1 0 0 1 0 0 1 0 0 1 0 0 1 0 0 1 0 0 1 0 0 1 0 0 1 0 0 1"
					"row1" "0 0 1 0 0 1 0 0 1 0 0 1 0 0 1 0 0 1 0 0 1 0 0 1 0 0 1 0 0 1 0 0 1 0 0 1 0 0 1 0 0 1 0 0 1 0 0 1 0 0 1"
					"row2" "0 0 1 0 0 1 0 0 1 0 0 1 0 0 1 0 0 1 0 0 1 0 0 1 0 0 1 0 0 1 0 0 1 0 0 1 0 0 1 0 0 1 0 0 1 0 0 1 0 0 1"
					"row3" "0 0 1 0 0 1 0 0 1 0 0 1 0 0 1 0 0 1 0 0 1 0 0 1 0 0 1 0 0 1 0 0 1 0 0 1 0 0 1 0 0 1 0 0 1 0 0 1 0 0 1"
					"row4" "0 0 1 0 0 1 0 0 1 0 0 1 0 0 1 0 0 1 0 0 1 0 0 1 0 0 1 0 0 1 0 0 1 0 0 1 0 0 1 0 0 1 0 0 1 0 0 1 0 0 1"
					"row5" "0 0 1 0 0 1 0 0 1 0 0 1 0 0 1 0 0 1 0 0 1 0 0 1 0 0 1 0 0 1 0 0 1 0 0 1 0 0 1 0 0 1 0 0 1 0 0 1 0 0 1"
					"row6" "0 0 1 0 0 1 0 0 1 0 0 1 0 0 1 0 0 1 0 0 1 0 0 1 0 0 1 0 0 1 0 0 1 0 0 1 0 0 1 0 0 1 0 0 1 0 0 1 0 0 1"
					"row7" "0 0 1 0 0 1 0 0 1 0 0 1 0 0 1 0 0 1 0 0 1 0 0 1 0 0 1 0 0 1 0 0 1 0 0 1 0 0 1 0 0 1 0 0 1 0 0 1 0 0 1"
					"row8" "0 0 1 0 0 1 0 0 1 0 0 1 0 0 1 0 0 1 0 0 1 0 0 1 0 0 1 0 0 1 0 0 1 0 0 1 0 0 1 0 0 1 0 0 1 0 0 1 0 0 1"
					"row9" "0 0 1 0 0 1 0 0 1 0 0 1 0 0 1 0 0 1 0 0 1 0 0 1 0 0 1 0 0 1 0 0 1 0 0 1 0 0 1 0 0 1 0 0 1 0 0 1 0 0 1"
					"row10" "0 0 1 0 0 1 0 0 1 0 0 1 0 0 1 0 0 1 0 0 1 0 0 1 0 0 1 0 0 1 0 0 1 0 0 1 0 0 1 0 0 1 0 0 1 0 0 1 0 0 1"
					"row11" "0 0 1 0 0 1 0 0 1 0 0 1 0 0 1 0 0 1 0 0 1 0 0 1 0 0 1 0 0 1 0 0 1 0 0 1 0 0 1 0 0 1 0 0 1 0 0 1 0 0 1"
					"row12" "0 0 1 0 0 1 0 0 1 0 0 1 0 0 1 0 0 1 0 0 1 0 0 1 0 0 1 0 0 1 0 0 1 0 0 1 0 0 1 0 0 1 0 0 1 0 0 1 0 0 1"
					"row13" "0 0 1 0 0 1 0 0 1 0 0 1 0 0 1 0 0 1 0 0 1 0 0 1 0 0 1 0 0 1 0 0 1 0 0 1 0 0 1 0 0 1 0 0 1 0 0 1 0 0 1"
					"row14" "0 0 1 0 0 1 0 0 1 0 0 1 0 0 1 0 0 1 0 0 1 0 0 1 0 0 1 0 0 1 0 0 1 0 0 1 0 0 1 0 0 1 0 0 1 0 0 1 0 0 1"
					"row15" "0 0 1 0 0 1 0 0 1 0 0 1 0 0 1 0 0 1 0 0 1 0 0 1 0 0 1 0 0 1 0 0 1 0 0 1 0 0 1 0 0 1 0 0 1 0 0 1 0 0 1"
					"row16" "0 0 1 0 0 1 0 0 1 0 0 1 0 0 1 0 0 1 0 0 1 0 0 1 0 0 1 0 0 1 0 0 1 0 0 1 0 0 1 0 0 1 0 0 1 0 0 1 0 0 1"
				}
				alphas
				{
					"row0" "0 0 0 0 0 0 0 0 0 0 0 0 0 0 0 0 0"
					"row1" "0 0 0 0 0 0 0 0 0 0 0 0 0 0 0 0 0"
					"row2" "0 0 0 0 0 0 0 0 0 0 0 0 0 0 0 0 0"
					"row3" "0 0 0 0 0 0 0 0 0 0 0 0 0 0 0 0 0"
					"row4" "0 0 0 0 0 0 0 0 0 0 0 0 0 0 0 0 0"
					"row5" "0 0 0 0 0 0 0 0 0 0 0 0 0 0 0 0 0"
					"row6" "0 0 0 0 0 0 0 0 0 0 0 0 0 0 0 0 0"
					"row7" "0 0 0 0 0 0 0 0 0 0 0 0 0 0 0 0 0"
					"row8" "0 0 0 0 0 0 0 0 0 0 0 0 0 0 0 0 0"
					"row9" "0 0 0 0 0 0 0 0 0 0 0 0 0 0 0 0 0"
					"row10" "0 0 0 0 0 0 0 0 0 0 0 0 0 0 0 0 0"
					"row11" "0 0 0 0 0 0 0 0 0 0 0 0 0 0 0 0 0"
					"row12" "0 0 0 0 0 0 0 0 0 0 0 0 0 0 0 0 0"
					"row13" "0 0 0 0 0 0 0 0 0 0 0 0 0 0 0 0 0"
					"row14" "0 0 0 0 0 0 0 0 0 0 0 0 0 0 0 0 0"
					"row15" "0 0 0 0 0 0 0 0 0 0 0 0 0 0 0 0 0"
					"row16" "0 0 0 0 0 0 0 0 0 0 0 0 0 0 0 0 0"
				}
				triangle_tags
				{
					"row0" "0 0 0 0 0 0 0 0 0 0 0 0 0 0 0 0 0 0 0 0 0 0 0 0 0 0 0 0 0 0 0 0"
					"row1" "0 0 0 0 0 0 0 0 0 0 0 0 0 0 0 0 0 0 0 0 0 0 0 0 0 0 0 0 0 0 0 0"
					"row2" "0 0 0 0 0 0 0 0 0 0 0 0 0 0 0 0 0 0 0 0 0 0 0 0 0 0 0 0 0 0 0 0"
					"row3" "0 0 0 0 0 0 0 0 0 0 0 0 0 0 0 0 0 0 0 0 0 0 0 0 0 0 0 0 0 0 0 0"
					"row4" "0 0 0 0 0 0 0 0 0 0 0 0 0 0 0 0 0 0 0 0 0 0 0 0 0 0 0 0 0 0 0 0"
					"row5" "0 0 0 0 0 0 0 0 0 0 0 0 0 0 0 0 0 0 0 0 0 0 0 0 0 0 0 0 0 0 0 0"
					"row6" "0 0 0 0 0 0 0 0 0 0 0 0 0 0 0 0 0 0 0 0 0 0 0 0 0 0 0 0 0 0 0 0"
					"row7" "0 0 0 0 0 0 0 0 0 0 0 0 0 0 0 0 0 0 0 0 0 0 0 0 0 0 0 0 0 0 0 0"
					"row8" "0 0 0 0 0 0 0 0 0 0 0 0 0 0 0 0 0 0 0 0 0 0 0 0 0 0 0 0 0 0 0 0"
					"row9" "0 0 0 0 0 0 0 0 0 0 0 0 0 0 0 0 0 0 0 0 0 0 0 0 0 0 0 0 0 0 0 0"
					"row10" "0 0 0 0 0 0 0 0 0 0 0 0 0 0 0 0 0 0 0 0 0 0 0 0 0 0 0 0 0 0 0 0"
					"row11" "0 0 0 0 0 0 0 0 0 0 0 0 0 0 0 0 0 0 0 0 0 0 0 0 0 0 0 0 0 0 0 0"
					"row12" "0 0 0 0 0 0 0 0 0 0 0 0 0 0 0 0 0 0 0 0 0 0 0 0 0 0 0 0 0 0 0 0"
					"row13" "0 0 0 0 0 0 0 0 0 0 0 0 0 0 0 0 0 0 0 0 0 0 0 0 0 0 0 0 0 0 0 0"
					"row14" "0 0 0 0 0 0 0 0 0 0 0 0 0 0 0 0 0 0 0 0 0 0 0 0 0 0 0 0 0 0 0 0"
					"row15" "0 0 0 0 0 0 0 0 0 0 0 0 0 0 0 0 0 0 0 0 0 0 0 0 0 0 0 0 0 0 0 0"
				}
				allowed_verts
				{
					"10" "-1 -1 -1 -1 -1 -1 -1 -1 -1 -1"
				}
			}
		}
		side
		{
			"id" "2"
			"plane" "(0 907.4964 -64) (0 0 -64) (907.4964 0 -64)"
			"material" "CONCRETE/CONCRETEFLOOR005A"
			"uaxis" "[1 0 0 0] 0.25"
			"vaxis" "[0 -1 0 0] 0.25"
			"rotation" "0"
			"lightmapscale" "16"
			"smoothing_groups" "0"
		}
		side
		{
			"id" "3"
			"plane" "(0 0 -64) (0 907.4964 -64) (0 907.4964 0)"
			"material" "CONCRETE/CONCRETEFLOOR005A"
			"uaxis" "[0 1 0 0] 0.25"
			"vaxis" "[0 0 -1 0] 0.25"
			"rotation" "0"
			"lightmapscale" "16"
			"smoothing_groups" "0"
		}
		side
		{
			"id" "4"
			"plane" "(907.4964 907.4964 -64) (907.4964 0 -64) (907.4964 0 0)"
			"material" "CONCRETE/CONCRETEFLOOR005A"
			"uaxis" "[0 1 0 0] 0.25"
			"vaxis" "[0 0 -1 0] 0.25"
			"rotation" "0"
			"lightmapscale" "16"
			"smoothing_groups" "0"
		}
		side
		{
			"id" "5"
			"plane" "(0 907.4964 -64) (907.4964 907.4964 -64) (907.4964 907.4964 0)"
			"material" "CONCRETE/CONCRETEFLOOR005A"
			"uaxis" "[1 0 0 0] 0.25"
			"vaxis" "[0 0 -1 0] 0.25"
			"rotation" "0"
			"lightmapscale" "16"
			"smoothing_groups" "0"
		}
		side
		{
			"id" "6"
			"plane" "(907.4964 0 -64) (0 0 -64) (0 0 0)"
			"material" "CONCRETE/CONCRETEFLOOR005A"
			"uaxis" "[1 0 0 0] 0.25"
			"vaxis" "[0 0 -1 0] 0.25"
			"rotation" "0"
			"lightmapscale" "16"
			"smoothing_groups" "0"
		}
		editor
		{
			"color" "0 173 190"
			"visgroupshown" "1"
			"visgroupautoshown" "1"
		}
	}
}
cameras
{
	"activecamera" "-1"
}
cordon
{
	"mins" "(-1024 -1024 -1024)"
	"maxs" "(1024 1024 1024)"
	"active" "0"
}
