versioninfo
{
	"editorversion" "400"
	"editorbuild" "3576"
	"mapversion" "1"
	"formatversion" "100"
	"prefab" "0"
}
visgroups
{
}
viewsettings
{
	"bSnapToGrid" "1"
	"bShowGrid" "1"
	"bShowLogicalGrid" "0"
	"nGridSpacing" "64"
	"bShow3DGrid" "0"
}
world
{
	"id" "1"
	"mapversion" "1"
	"classname" "worldspawn"
	"skyname" "sky_day01_01"
	"maxpropscreenwidth" "-1"
	"detailvbsp" "detail.vbsp"
	"detailmaterial" "detail/detailsprites"
	solid
	{
		"id" "2"
		side
		{
			"id" "1"
			"plane" "(0 0 0) (0 1814.993 0) (1814.993 1814.993 0)"
			"material" "CONCRETE/CONCRETEFLOOR005A"
			"uaxis" "[1 0 0 0] 0.25"
			"vaxis" "[0 -1 0 0] 0.25"
			"rotation" "0"
			"lightmapscale" "16"
			"smoothing_groups" "0"
			dispinfo
			{
				"power" "4"
				"startposition" "[0 0 0]"
				"flags" "0"
				"elevation" "0"
				"subdiv" "0"
				normals
				{
					"row0" "0.173263 0.173263 0.9695153 0.1389174 0.1114699 0.9840104 0.1086869 0.05428242 0.9925929 0.08242192 0.00389293 0.9965899 0.06063695 -0.03798832 0.9974368 0.04167208 -0.0700784 0.9966707 0.02660745 -0.09427102 0.995191 0.01256147 -0.108718 0.9939932 -0.00048163 -0.1135192 0.9935358 -0.01255448 -0.108718 0.9939933 -0.02660045 -0.09427103 0.9951911 -0.04166503 -0.07007843 0.996671 -0.06062999 -0.03798833 0.9974371 -0.08241495 0.00389293 0.9965905 -0.1086799 0.05428246 0.9925936 -0.1389107 0.11147 0.9840114 -0.1732564 0.1732632 0.9695164"
					"row1" "0.1114699 0.1389174 0.9840104 0.1003842 0.1003842 0.9898717 0.06554199 0.01036903 0.9977959 0.03954724 -0.06827802 0.9968822 0.02194866 -0.1328058 0.990899 0.01051616 -0.1830531 0.9830468 0.00399908 -0.2195522 0.9755926 0.001108 -0.2408024 0.9705735 -0.00058369 -0.2474429 0.9689023 -0.00109952 -0.2408024 0.9705735 -0.00399056 -0.2195522 0.9755926 -0.0105075 -0.1830532 0.9830469 -0.02194003 -0.1328058 0.9908992 -0.03953854 -0.06827804 0.9968825 -0.06553325 0.01036903 0.9977965 -0.1003757 0.1003843 0.9898726 -0.1114631 0.1389175 0.9840111"
					"row2" "0.05428242 0.1086869 0.9925929 0.01036903 0.06554199 0.9977959 0.01917949 0.01917949 0.9996321 -0.0130698 -0.1098813 0.9938588 -0.03050483 -0.2145174 0.9762437 -0.0335408 -0.293109 0.9554905 -0.02615483 -0.3456289 0.9380067 -0.01474364 -0.3764923 0.9263025 -0.00072399 -0.3877705 0.9217557 0.01475419 -0.3764922 0.9263023 0.02616551 -0.3456288 0.9380065 0.03355177 -0.2931089 0.9554902 0.0305159 -0.2145173 0.9762433 0.01308113 -0.1098813 0.9938586 -0.01916803 0.0191795 0.9996323 -0.01036035 0.06554201 0.9977961 -0.05427546 0.1086869 0.9925932"
					"row3" "0.00389293 0.08242192 0.9965899 -0.06827802 0.03954724 0.9968822 -0.1098813 -0.0130698 0.9938588 -0.07714371 -0.07714371 0.9940311 -0.09878974 -0.2563585 0.9615201 -0.09316427 -0.3859104 0.91782 -0.07086379 -0.4688695 0.8804201 -0.03776544 -0.5145594 0.8566226 -0.00092521 -0.5299132 0.8480514 0.03777898 -0.5145591 0.8566223 0.07087766 -0.4688691 0.8804193 0.09317879 -0.3859098 0.9178188 0.09880475 -0.2563581 0.9615186 0.07715935 -0.07714361 0.9940298 0.1098926 -0.01306979 0.9938576 0.06828665 0.03954722 0.9968816 -0.00388592 0.08242193 0.99659"
					"row4" "-0.03798832 0.06063695 0.9974368 -0.1328058 0.02194866 0.990899 -0.2145174 -0.03050483 0.9762437 -0.2563585 -0.09878974 0.9615201 -0.1887238 -0.1887238 0.9637254 -0.1825877 -0.4367529 0.8808568 -0.1359365 -0.5766649 0.8055922 -0.07088153 -0.6485795 0.7578393 -0.00122838 -0.6699865 0.7423723 0.07089963 -0.6485787 0.7578382 0.1359555 -0.5766634 0.8055901 0.1826082 -0.4367512 0.8808534 0.1856452 -0.1888365 0.9643011 0.2563727 -0.09878936 0.9615164 0.214528 -0.03050476 0.9762413 0.1328142 0.02194863 0.9908979 0.03799532 0.06063693 0.9974365"
					"row5" "-0.0700784 0.04167208 0.9966707 -0.1830531 0.01051616 0.9830468 -0.293109 -0.0335408 0.9554905 -0.3859104 -0.09316427 0.91782 -0.4367529 -0.1825877 0.8808568 -0.3204275 -0.3204275 0.8914328 -0.2426129 -0.6407605 0.7283989 -0.1244937 -0.7646143 0.6323499 -0.00173352 -0.7968683 0.6041505 0.1245196 -0.7646117 0.6323478 0.2426414 -0.6407558 0.7283936 0.3204611 -0.3204237 0.891422 0.4367699 -0.182586 0.8808487 0.3859227 -0.09316374 0.9178149 0.293119 -0.0335407 0.9554874 0.1830614 0.01051615 0.9830452 0.07008538 0.04167206 0.9966702"
					"row6" "-0.09427102 0.02660745 0.995191 -0.2195522 0.00399908 0.9755926 -0.3456289 -0.02615483 0.9380067 -0.4688695 -0.07086379 0.8804201 -0.5766649 -0.1359365 0.8055922 -0.6407605 -0.2426129 0.7283989 -0.4781388 -0.4781388 0.7367269 -0.2245927 -0.844713 0.4858169 -0.00272497 -0.9036899 0.428179 0.2246353 -0.8447045 0.485812 0.4781913 -0.4781232 0.736703 0.6407785 -0.2426081 0.7283847 0.5766778 -0.135935 0.8055833 0.4688804 -0.07086333 0.8804144 0.3456384 -0.02615473 0.9380032 0.2195603 0.00399908 0.9755908 0.09427796 0.02660743 0.9951903"
					"row7" "-0.108718 0.01256147 0.9939932 -0.2408024 0.001108 0.9705735 -0.3764923 -0.01474364 0.9263025 -0.5145594 -0.03776544 0.8566226 -0.6485795 -0.07088153 0.7578393 -0.7646143 -0.1244937 0.6323499 -0.844713 -0.2245927 0.4858169 -0.6314399 -0.6314399 0.4500749 -0.00561829 -0.9740271 0.2263618 0.6315373 -0.6313753 0.4500288 0.8447258 -0.2245842 0.4857985 0.7646253 -0.1244912 0.6323371 0.6485901 -0.0708807 0.7578304 0.5145693 -0.03776517 0.8566166 0.3765014 -0.01474358 0.9262987 0.2408103 0.001108 0.9705715 0.1087249 0.01256146 0.9939925"
					"row8" "-0.1135192 -0.00048163 0.9935358 -0.2474429 -0.00058369 0.9689023 -0.3877705 -0.00072399 0.9217557 -0.5299132 -0.00092521 0.8480514 -0.6699865 -0.00122838 0.7423723 -0.7968683 -0.00173352 0.6041505 -0.9036899 -0.00272497 0.428179 -0.9740271 -0.00561829 0.2263618 -0.7071068 -0.7071068 0 0.9740313 -0.00561784 0.2263438 0.9036971 -0.00272487 0.4281636 0.7968776 -0.00173349 0.6041383 0.6699963 -0.00122836 0.7423634 0.5299228 -0.00092521 0.8480453 0.3877795 -0.00072398 0.9217519 0.2474508 -0.00058369 0.9689003 0.1125682 -0.00048168 0.9936439"
					"row9" "-0.108718 -0.01255448 0.9939933 -0.2408024 -0.00109952 0.9705735 -0.3764922 0.01475419 0.9263023 -0.5145591 0.03777898 0.8566223 -0.6485787 0.07089963 0.7578382 -0.7646117 0.1245196 0.6323478 -0.8447045 0.2246353 0.485812 -0.6313753 0.6315373 0.4500288 -0.00561784 0.9740313 0.2263438 0.6314727 0.6314727 0.4499828 0.8447173 0.2246268 0.4857936 0.7646227 0.1245171 0.6323349 0.6485893 0.0708988 0.7578294 0.5145691 0.03777871 0.8566163 0.3765013 0.01475413 0.9262986 0.2408104 -0.00109952 0.9705716 0.1087249 -0.01255447 0.9939926"
					"row10" "-0.09427103 -0.02660045 0.9951911 -0.2195522 -0.00399056 0.9755926 -0.3456288 0.02616551 0.9380065 -0.4688691 0.07087766 0.8804193 -0.5766634 0.1359555 0.8055901 -0.6407558 0.2426414 0.7283936 -0.4781232 0.4781913 0.736703 -0.2245842 0.8447258 0.4857985 -0.00272487 0.9036971 0.4281636 0.2246268 0.8447173 0.4857936 0.4781757 0.4781757 0.736679 0.6407738 0.2426367 0.7283792 0.5766763 0.1359539 0.8055812 0.4688799 0.07087719 0.8804135 0.3456383 0.02616541 0.938003 0.2195603 -0.00399055 0.9755908 0.09427798 -0.02660044 0.9951905"
					"row11" "-0.07007843 -0.04166503 0.996671 -0.1830532 -0.0105075 0.9830469 -0.2931089 0.03355177 0.9554902 -0.3859098 0.09317879 0.9178188 -0.4367512 0.1826082 0.8808534 -0.3204237 0.3204611 0.891422 -0.2426081 0.6407785 0.7283847 -0.1244912 0.7646253 0.6323371 -0.00173349 0.7968776 0.6041383 0.1245171 0.7646227 0.6323349 0.2426367 0.6407738 0.7283792 0.3204573 0.3204573 0.8914114 0.4367682 0.1826066 0.8808452 0.3859222 0.09317826 0.9178136 0.2931189 0.03355166 0.9554871 0.1830614 -0.01050748 0.9830453 0.07008541 -0.04166501 0.9966705"
					"row12" "-0.03798833 -0.06062999 0.9974371 -0.1328058 -0.02194003 0.9908992 -0.2145173 0.0305159 0.9762433 -0.2563581 0.09880475 0.9615186 -0.1888365 0.1856452 0.9643011 -0.182586 0.4367699 0.8808487 -0.135935 0.5766778 0.8055833 -0.0708807 0.6485901 0.7578304 -0.00122836 0.6699963 0.7423634 0.0708988 0.6485893 0.7578294 0.1359539 0.5766763 0.8055812 0.1826066 0.4367682 0.8808452 0.1857563 0.1857563 0.9648778 0.2563723 0.09880437 0.9615149 0.214528 0.03051583 0.9762411 0.1328143 -0.02194001 0.9908981 0.03799533 -0.06062997 0.9974369"
					"row13" "0.00389293 -0.08241495 0.9965905 -0.06827804 -0.03953854 0.9968825 -0.1098813 0.01308113 0.9938586 -0.07714361 0.07715935 0.9940298 -0.09878936 0.2563727 0.9615164 -0.09316374 0.3859227 0.9178149 -0.07086333 0.4688804 0.8804144 -0.03776517 0.5145693 0.8566166 -0.00092521 0.5299228 0.8480453 0.03777871 0.5145691 0.8566163 0.07087719 0.4688799 0.8804135 0.09317826 0.3859222 0.9178136 0.09880437 0.2563723 0.9615149 0.07715925 0.07715925 0.9940286 0.1098925 0.01308111 0.9938574 0.06828667 -0.03953851 0.9968819 -0.00388592 -0.08241495 0.9965905"
					"row14" "0.05428246 -0.1086799 0.9925936 0.01036903 -0.06553325 0.9977965 0.0191795 -0.01916803 0.9996323 -0.01306979 0.1098926 0.9938576 -0.03050476 0.214528 0.9762413 -0.0335407 0.293119 0.9554874 -0.02615473 0.3456384 0.9380032 -0.01474358 0.3765014 0.9262987 -0.00072398 0.3877795 0.9217519 0.01475413 0.3765013 0.9262986 0.02616541 0.3456383 0.938003 0.03355166 0.2931189 0.9554871 0.03051583 0.214528 0.9762411 0.01308111 0.1098925 0.9938574 -0.01916804 -0.01916804 0.9996325 -0.01036036 -0.06553326 0.9977965 -0.0542755 -0.10868 0.9925939"
					"row15" "0.11147 -0.1389107 0.9840114 0.1003843 -0.1003757 0.9898726 0.06554201 -0.01036035 0.9977961 0.03954722 0.06828665 0.9968816 0.02194863 0.1328142 0.9908979 0.01051615 0.1830614 0.9830452 0.00399908 0.2195603 0.9755908 0.001108 0.2408103 0.9705715 -0.00058369 0.2474508 0.9689003 -0.00109952 0.2408104 0.9705716 -0.00399055 0.2195603 0.9755908 -0.01050748 0.1830614 0.9830453 -0.02194001 0.1328143 0.9908981 -0.03953851 0.06828667 0.9968819 -0.06553326 -0.01036036 0.9977965 -0.1003758 -0.1003758 0.9898734 -0.1114632 -0.1389108 0.984012"
					"row16" "0.1732632 -0.1732564 0.9695164 0.1389175 -0.1114631 0.9840111 0.1086869 -0.05427546 0.9925932 0.08242193 -0.00388592 0.99659 0.06063693 0.03799532 0.9974365 0.04167206 0.07008538 0.9966702 0.02660743 0.09427796 0.9951903 0.01256146 0.1087249 0.9939925 -0.00048168 0.1125682 0.9936439 -0.01255447 0.1087249 0.9939926 -0.02660044 0.09427798 0.9951905 -0.04166501 0.07008541 0.9966705 -0.06062997 0.03799533 0.9974369 -0.08241495 -0.00388592 0.9965905 -0.10868 -0.0542755 0.9925939 -0.1389108 -0.1114632 0.984012 -0.1732566 -0.1732566 0.9695175"
				}
				distances
				{
					"row0" "1056.198 1040.639 1031.641 1027.504 1026.631 1027.421 1028.948 1030.188 1030.662 1030.188 1028.948 1027.42 1026.631 1027.503 1031.641 1040.638 1056.197"
					"row1" "1040.639 832.4311 825.8202 826.5771 831.5681 838.2104 844.6149 848.9825 850.447 848.9825 844.6149 838.2103 831.5679 826.5768 825.8197 832.4304 1040.639"
					"row2" "1031.641 825.8202 632.2326 635.9052 647.3793 661.4404 673.7692 682.2825 685.6481 682.2827 673.7693 661.4406 647.3796 635.9053 632.2325 825.8201 1031.641"
					"row3" "1027.504 826.5771 635.9052 457.7322 473.209 495.7399 516.7987 531.1557 536.524 531.1559 516.7992 495.7406 473.2097 457.7328 635.906 826.5776 1027.504"
					"row4" "1026.631 831.5681 647.3793 473.209 311.292 340.5775 372.3969 395.8623 404.1099 395.8628 372.3978 340.5788 311.1061 473.2109 647.3809 831.569 1026.632"
					"row5" "1027.421 838.2104 661.4404 495.7399 340.5775 194.0696 237.5072 273.5827 286.3525 273.5836 237.509 194.0719 340.5806 495.7427 661.4425 838.2117 1027.421"
					"row6" "1028.948 844.6149 673.7692 516.7987 372.3969 237.5072 105.8737 160.5543 182.1668 160.5559 105.8771 237.5119 372.401 516.8021 673.7717 844.6165 1028.949"
					"row7" "1030.188 848.9825 682.2825 531.1557 395.8623 273.5827 160.5543 44.43705 88.35414 44.4416 160.5604 273.5883 395.8669 531.1594 682.2853 848.9843 1030.189"
					"row8" "1030.662 850.447 685.6481 536.524 404.1099 286.3525 182.1668 88.35414 0.7020141 88.36115 182.1733 286.3583 404.1147 536.5279 685.6509 850.4487 1030.55"
					"row9" "1030.188 848.9825 682.2827 531.1559 395.8628 273.5836 160.5559 44.4416 88.36115 44.44615 160.562 273.5892 395.8675 531.1597 682.2854 848.9843 1030.189"
					"row10" "1028.948 844.6149 673.7693 516.7992 372.3978 237.509 105.8771 160.5604 182.1733 160.562 105.8806 237.5136 372.4019 516.8026 673.7719 844.6165 1028.949"
					"row11" "1027.42 838.2103 661.4406 495.7406 340.5788 194.0719 237.5119 273.5883 286.3583 273.5892 237.5136 194.0742 340.582 495.7433 661.4427 838.2116 1027.421"
					"row12" "1026.631 831.5679 647.3796 473.2097 311.1061 340.5806 372.401 395.8669 404.1147 395.8675 372.4019 340.582 310.9202 473.2116 647.3811 831.5688 1026.631"
					"row13" "1027.503 826.5768 635.9053 457.7328 473.2109 495.7427 516.8021 531.1594 536.5279 531.1597 516.8026 495.7433 473.2116 457.7333 635.9061 826.5773 1027.503"
					"row14" "1031.641 825.8197 632.2325 635.906 647.3809 661.4425 673.7717 682.2853 685.6509 682.2854 673.7719 661.4427 647.3811 635.9061 632.2324 825.8196 1031.64"
					"row15" "1040.638 832.4304 825.8201 826.5776 831.569 838.2117 844.6165 848.9843 850.4487 848.9843 844.6165 838.2116 831.5688 826.5773 825.8196 832.4297 1040.638"
					"row16" "1056.197 1040.639 1031.641 1027.504 1026.632 1027.421 1028.949 1030.189 1030.55 1030.189 1028.949 1027.421 1026.631 1027.503 1031.64 1040.638 1056.195"
				}
				offsets
				{
					"row0" "0 0 0 0 0 0 0 0 0 0 0 0 0 0 0 0 0 0 0 0 0 0 0 0 0 0 0 0 0 0 0 0 0 0 0 0 0 0 0 0 0 0 0 0 0 0 0 0 0 0 0"
					"row1" "0 0 0 0 0 0 0 0 0 0 0 0 0 0 0 0 0 0 0 0 0 0 0 0 0 0 0 0 0 0 0 0 0 0 0 0 0 0 0 0 0 0 0 0 0 0 0 0 0 0 0"
					"row2" "0 0 0 0 0 0 0 0 0 0 0 0 0 0 0 0 0 0 0 0 0 0 0 0 0 0 0 0 0 0 0 0 0 0 0 0 0 0 0 0 0 0 0 0 0 0 0 0 0 0 0"
					"row3" "0 0 0 0 0 0 0 0 0 0 0 0 0 0 0 0 0 0 0 0 0 0 0 0 0 0 0 0 0 0 0 0 0 0 0 0 0 0 0 0 0 0 0 0 0 0 0 0 0 0 0"
					"row4" "0 0 0 0 0 0 0 0 0 0 0 0 0 0 0 0 0 0 0 0 0 0 0 0 0 0 0 0 0 0 0 0 0 0 0 0 0 0 0 0 0 0 0 0 0 0 0 0 0 0 0"
					"row5" "0 0 0 0 0 0 0 0 0 0 0 0 0 0 0 0 0 0 0 0 0 0 0 0 0 0 0 0 0 0 0 0 0 0 0 0 0 0 0 0 0 0 0 0 0 0 0 0 0 0 0"
					"row6" "0 0 0 0 0 0 0 0 0 0 0 0 0 0 0 0 0 0 0 0 0 0 0 0 0 0 0 0 0 0 0 0 0 0 0 0 0 0 0 0 0 0 0 0 0 0 0 0 0 0 0"
					"row7" "0 0 0 0 0 0 0 0 0 0 0 0 0 0 0 0 0 0 0 0 0 0 0 0 0 0 0 0 0 0 0 0 0 0 0 0 0 0 0 0 0 0 0 0 0 0 0 0 0 0 0"
					"row8" "0 0 0 0 0 0 0 0 0 0 0 0 0 0 0 0 0 0 0 0 0 0 0 0 0 0 0 0 0 0 0 0 0 0 0 0 0 0 0 0 0 0 0 0 0 0 0 0 0 0 0"
					"row9" "0 0 0 0 0 0 0 0 0 0 0 0 0 0 0 0 0 0 0 0 0 0 0 0 0 0 0 0 0 0 0 0 0 0 0 0 0 0 0 0 0 0 0 0 0 0 0 0 0 0 0"
					"row10" "0 0 0 0 0 0 0 0 0 0 0 0 0 0 0 0 0 0 0 0 0 0 0 0 0 0 0 0 0 0 0 0 0 0 0 0 0 0 0 0 0 0 0 0 0 0 0 0 0 0 0"
					"row11" "0 0 0 0 0 0 0 0 0 0 0 0 0 0 0 0 0 0 0 0 0 0 0 0 0 0 0 0 0 0 0 0 0 0 0 0 0 0 0 0 0 0 0 0 0 0 0 0 0 0 0"
					"row12" "0 0 0 0 0 0 0 0 0 0 0 0 0 0 0 0 0 0 0 0 0 0 0 0 0 0 0 0 0 0 0 0 0 0 0 0 0 0 0 0 0 0 0 0 0 0 0 0 0 0 0"
					"row13" "0 0 0 0 0 0 0 0 0 0 0 0 0 0 0 0 0 0 0 0 0 0 0 0 0 0 0 0 0 0 0 0 0 0 0 0 0 0 0 0 0 0 0 0 0 0 0 0 0 0 0"
					"row14" "0 0 0 0 0 0 0 0 0 0 0 0 0 0 0 0 0 0 0 0 0 0 0 0 0 0 0 0 0 0 0 0 0 0 0 0 0 0 0 0 0 0 0 0 0 0 0 0 0 0 0"
					"row15" "0 0 0 0 0 0 0 0 0 0 0 0 0 0 0 0 0 0 0 0 0 0 0 0 0 0 0 0 0 0 0 0 0 0 0 0 0 0 0 0 0 0 0 0 0 0 0 0 0 0 0"
					"row16" "0 0 0 0 0 0 0 0 0 0 0 0 0 0 0 0 0 0 0 0 0 0 0 0 0 0 0 0 0 0 0 0 0 0 0 0 0 0 0 0 0 0 0 0 0 0 0 0 0 0 0"
				}
				offset_normals
				{
					"row0" "0 0 1 0 0 1 0 0 1 0 0 1 0 0 1 0 0 1 0 0 1 0 0 1 0 0 1 0 0 1 0 0 1 0 0 1 0 0 1 0 0 1 0 0 1 0 0 1 0 0 1"
					"row1" "0 0 1 0 0 1 0 0 1 0 0 1 0 0 1 0 0 1 0 0 1 0 0 1 0 0 1 0 0 1 0 0 1 0 0 1 0 0 1 0 0 1 0 0 1 0 0 1 0 0 1"
					"row2" "0 0 1 0 0 1 0 0 1 0 0 1 0 0 1 0 0 1 0 0 1 0 0 1 0 0 1 0 0 1 0 0 1 0 0 1 0 0 1 0 0 1 0 0 1 0 0 1 0 0 1"
					"row3" "0 0 1 0 0 1 0 0 1 0 0 1 0 0 1 0 0 1 0 0 1 0 0 1 0 0 1 0 0 1 0 0 1 0 0 1 0 0 1 0 0 1 0 0 1 0 0 1 0 0 1"
					"row4" "0 0 1 0 0 1 0 0 1 0 0 1 0 0 1 0 0 1 0 0 1 0 0 1 0 0 1 0 0 1 0 0 1 0 0 1 0 0 1 0 0 1 0 0 1 0 0 1 0 0 1"
					"row5" "0 0 1 0 0 1 0 0 1 0 0 1 0 0 1 0 0 1 0 0 1 0 0 1 0 0 1 0 0 1 0 0 1 0 0 1 0 0 1 0 0 1 0 0 1 0 0 1 0 0 1"
					"row6" "0 0 1 0 0 1 0 0 1 0 0 1 0 0 1 0 0 1 0 0 1 0 0 1 0 0 1 0 0 1 0 0 1 0 0 1 0 0 1 0 0 1 0 0 1 0 0 1 0 0 1"
					"row7" "0 0 1 0 0 1 0 0 1 0 0 1 0 0 1 0 0 1 0 0 1 0 0 1 0 0 1 0 0 1 0 0 1 0 0 1 0 0 1 0 0 1 0 0 1 0 0 1 0 0 1"
					"row8" "0 0 1 0 0 1 0 0 1 0 0 1 0 0 1 0 0 1 0 0 1 0 0 1 0 0 1 0 0 1 0 0 1 0 0 1 0 0 1 0 0 1 0 0 1 0 0 1 0 0 1"
					"row9" "0 0 1 0 0 1 0 0 1 0 0 1 0 0 1 0 0 1 0 0 1 0 0 1 0 0 1 0 0 1 0 0 1 0 0 1 0 0 1 0 0 1 0 0 1 0 0 1 0 0 1"
					"row10" "0 0 1 0 0 1 0 0 1 0 0 1 0 0 1 0 0 1 0 0 1 0 0 1 0 0 1 0 0 1 0 0 1 0 0 1 0 0 1 0 0 1 0 0 1 0 0 1 0 0 1"
					"row11" "0 0 1 0 0 1 0 0 1 0 0 1 0 0 1 0 0 1 0 0 1 0 0 1 0 0 1 0 0 1 0 0 1 0 0 1 0 0 1 0 0 1 0 0 1 0 0 1 0 0 1"
					"row12" "0 0 1 0 0 1 0 0 1 0 0 1 0 0 1 0 0 1 0 0 1 0 0 1 0 0 1 0 0 1 0 0 1 0 0 1 0 0 1 0 0 1 0 0 1 0 0 1 0 0 1"
					"row13" "0 0 1 0 0 1 0 0 1 0 0 1 0 0 1 0 0 1 0 0 1 0 0 1 0 0 1 0 0 1 0 0 1 0 0 1 0 0 1 0 0 1 0 0 1 0 0 1 0 0 1"
					"row14" "0 0 1 0 0 1 0 0 1 0 0 1 0 0 1 0 0 1 0 0 1 0 0 1 0 0 1 0 0 1 0 0 1 0 0 1 0 0 1 0 0 1 0 0 1 0 0 1 0 0 1"
					"row15" "0 0 1 0 0 1 0 0 1 0 0 1 0 0 1 0 0 1 0 0 1 0 0 1 0 0 1 0 0 1 0 0 1 0 0 1 0 0 1 0 0 1 0 0 1 0 0 1 0 0 1"
					"row16" "0 0 1 0 0 1 0 0 1 0 0 1 0 0 1 0 0 1 0 0 1 0 0 1 0 0 1 0 0 1 0 0 1 0 0 1 0 0 1 0 0 1 0 0 1 0 0 1 0 0 1"
				}
				alphas
				{
					"row0" "0 0 0 0 0 0 0 0 0 0 0 0 0 0 0 0 0"
					"row1" "0 0 0 0 0 0 0 0 0 0 0 0 0 0 0 0 0"
					"row2" "0 0 0 0 0 0 0 0 0 0 0 0 0 0 0 0 0"
					"row3" "0 0 0 0 0 0 0 0 0 0 0 0 0 0 0 0 0"
					"row4" "0 0 0 0 0 0 0 0 0 0 0 0 0 0 0 0 0"
					"row5" "0 0 0 0 0 0 0 0 0 0 0 0 0 0 0 0 0"
					"row6" "0 0 0 0 0 0 0 0 0 0 0 0 0 0 0 0 0"
					"row7" "0 0 0 0 0 0 0 0 0 0 0 0 0 0 0 0 0"
					"row8" "0 0 0 0 0 0 0 0 0 0 0 0 0 0 0 0 0"
					"row9" "0 0 0 0 0 0 0 0 0 0 0 0 0 0 0 0 0"
					"row10" "0 0 0 0 0 0 0 0 0 0 0 0 0 0 0 0 0"
					"row11" "0 0 0 0 0 0 0 0 0 0 0 0 0 0 0 0 0"
					"row12" "0 0 0 0 0 0 0 0 0 0 0 0 0 0 0 0 0"
					"row13" "0 0 0 0 0 0 0 0 0 0 0 0 0 0 0 0 0"
					"row14" "0 0 0 0 0 0 0 0 0 0 0 0 0 0 0 0 0"
					"row15" "0 0 0 0 0 0 0 0 0 0 0 0 0 0 0 0 0"
					"row16" "0 0 0 0 0 0 0 0 0 0 0 0 0 0 0 0 0"
				}
				triangle_tags
				{
					"row0" "0 0 0 0 0 0 0 0 0 0 0 0 0 0 0 0 0 0 0 0 0 0 0 0 0 0 0 0 0 0 0 0"
					"row1" "0 0 0 0 0 0 0 0 0 0 0 0 0 0 0 0 0 0 0 0 0 0 0 0 0 0 0 0 0 0 0 0"
					"row2" "0 0 0 0 0 0 0 0 0 0 0 0 0 0 0 0 0 0 0 0 0 0 0 0 0 0 0 0 0 0 0 0"
					"row3" "0 0 0 0 0 0 0 0 0 0 0 0 0 0 0 0 0 0 0 0 0 0 0 0 0 0 0 0 0 0 0 0"
					"row4" "0 0 0 0 0 0 0 0 0 0 0 0 0 0 0 0 0 0 0 0 0 0 0 0 0 0 0 0 0 0 0 0"
					"row5" "0 0 0 0 0 0 0 0 0 0 0 0 0 0 0 0 0 0 0 0 0 0 0 0 0 0 0 0 0 0 0 0"
					"row6" "0 0 0 0 0 0 0 0 0 0 0 0 0 0 0 0 0 0 0 0 0 0 0 0 0 0 0 0 0 0 0 0"
					"row7" "0 0 0 0 0 0 0 0 0 0 0 0 0 0 0 0 0 0 0 0 0 0 0 0 0 0 0 0 0 0 0 0"
					"row8" "0 0 0 0 0 0 0 0 0 0 0 0 0 0 0 0 0 0 0 0 0 0 0 0 0 0 0 0 0 0 0 0"
					"row9" "0 0 0 0 0 0 0 0 0 0 0 0 0 0 0 0 0 0 0 0 0 0 0 0 0 0 0 0 0 0 0 0"
					"row10" "0 0 0 0 0 0 0 0 0 0 0 0 0 0 0 0 0 0 0 0 0 0 0 0 0 0 0 0 0 0 0 0"
					"row11" "0 0 0 0 0 0 0 0 0 0 0 0 0 0 0 0 0 0 0 0 0 0 0 0 0 0 0 0 0 0 0 0"
					"row12" "0 0 0 0 0 0 0 0 0 0 0 0 0 0 0 0 0 0 0 0 0 0 0 0 0 0 0 0 0 0 0 0"
					"row13" "0 0 0 0 0 0 0 0 0 0 0 0 0 0 0 0 0 0 0 0 0 0 0 0 0 0 0 0 0 0 0 0"
					"row14" "0 0 0 0 0 0 0 0 0 0 0 0 0 0 0 0 0 0 0 0 0 0 0 0 0 0 0 0 0 0 0 0"
					"row15" "0 0 0 0 0 0 0 0 0 0 0 0 0 0 0 0 0 0 0 0 0 0 0 0 0 0 0 0 0 0 0 0"
				}
				allowed_verts
				{
					"10" "-1 -1 -1 -1 -1 -1 -1 -1 -1 -1"
				}
			}
		}
		side
		{
			"id" "2"
			"plane" "(0 1814.993 -64) (0 0 -64) (1814.993 0 -64)"
			"material" "CONCRETE/CONCRETEFLOOR005A"
			"uaxis" "[1 0 0 0] 0.25"
			"vaxis" "[0 -1 0 0] 0.25"
			"rotation" "0"
			"lightmapscale" "16"
			"smoothing_groups" "0"
		}
		side
		{
			"id" "3"
			"plane" "(0 0 -64) (0 1814.993 -64) (0 1814.993 0)"
			"material" "CONCRETE/CONCRETEFLOOR005A"
			"uaxis" "[0 1 0 0] 0.25"
			"vaxis" "[0 0 -1 0] 0.25"
			"rotation" "0"
			"lightmapscale" "16"
			"smoothing_groups" "0"
		}
		side
		{
			"id" "4"
			"plane" "(1814.993 1814.993 -64) (1814.993 0 -64) (1814.993 0 0)"
			"material" "CONCRETE/CONCRETEFLOOR005A"
			"uaxis" "[0 1 0 0] 0.25"
			"vaxis" "[0 0 -1 0] 0.25"
			"rotation" "0"
			"lightmapscale" "16"
			"smoothing_groups" "0"
		}
		side
		{
			"id" "5"
			"plane" "(0 1814.993 -64) (1814.993 1814.993 -64) (1814.993 1814.993 0)"
			"material" "CONCRETE/CONCRETEFLOOR005A"
			"uaxis" "[1 0 0 0] 0.25"
			"vaxis" "[0 0 -1 0] 0.25"
			"rotation" "0"
			"lightmapscale" "16"
			"smoothing_groups" "0"
		}
		side
		{
			"id" "6"
			"plane" "(1814.993 0 -64) (0 0 -64) (0 0 0)"
			"material" "CONCRETE/CONCRETEFLOOR005A"
			"uaxis" "[1 0 0 0] 0.25"
			"vaxis" "[0 0 -1 0] 0.25"
			"rotation" "0"
			"lightmapscale" "16"
			"smoothing_groups" "0"
		}
		editor
		{
			"color" "0 173 190"
			"visgroupshown" "1"
			"visgroupautoshown" "1"
		}
	}
}
cameras
{
	"activecamera" "-1"
}
cordon
{
	"mins" "(-1024 -1024 -1024)"
	"maxs" "(1024 1024 1024)"
	"active" "0"
}
