versioninfo
{
	"editorversion" "400"
	"editorbuild" "3576"
	"mapversion" "1"
	"formatversion" "100"
	"prefab" "0"
}
visgroups
{
}
viewsettings
{
	"bSnapToGrid" "1"
	"bShowGrid" "1"
	"bShowLogicalGrid" "0"
	"nGridSpacing" "64"
	"bShow3DGrid" "0"
}
world
{
	"id" "1"
	"mapversion" "1"
	"classname" "worldspawn"
	"skyname" "sky_day01_01"
	"maxpropscreenwidth" "-1"
	"detailvbsp" "detail.vbsp"
	"detailmaterial" "detail/detailsprites"
	solid
	{
		"id" "2"
		side
		{
			"id" "1"
			"plane" "(0 0 0) (0 907.4964 0) (907.4964 907.4964 0)"
			"material" "CONCRETE/CONCRETEFLOOR005A"
			"uaxis" "[1 0 0 0] 0.25"
			"vaxis" "[0 -1 0 0] 0.25"
			"rotation" "0"
			"lightmapscale" "16"
			"smoothing_groups" "0"
			dispinfo
			{
				"power" "4"
				"startposition" "[0 0 0]"
				"flags" "0"
				"elevation" "0"
				"subdiv" "0"
				normals
				{
					"row0" "0.7071068 0.7071068 0 0.7799478 0.6258446 0 0.8930179 0.4500211 0 0.9988598 0.0477416 0 0.8535426 -0.521023 0 0.5111102 -0.8595152 0 0.2742498 -0.9616585 0 0.1235172 -0.9923424 0 0.00434135 -0.9999906 0 -0.1147151 -0.9933985 0 -0.2648808 -0.9642812 0 -0.519786 -0.8542965 0 -0.8497266 -0.5272236 0 -0.9988862 0.04718313 0 -0.8946165 0.4468349 0 -0.7778059 0.6285046 0 -0.7051635 0.7090448 0"
					"row1" "0.6258446 0.7799478 0 0.3628884 0.3628884 0.858268 0.2654946 0.04124045 0.9632299 0.1602266 -0.2636627 0.9512147 0.07946739 -0.4851911 0.8707896 0.03494712 -0.6083188 0.792923 0.01238334 -0.6798529 0.7332439 0.00680246 -0.7130886 0.701041 0.001739 -0.7232116 0.6906243 -0.00327207 -0.7131012 0.7010535 -0.01602232 -0.6798178 0.733206 -0.03095779 -0.6083989 0.7930273 -0.07510767 -0.4853556 0.8710848 -0.1555539 -0.2638623 0.9519347 -0.2609768 0.04129318 0.9644615 -0.3591267 0.3634555 0.8596093 -0.622522 0.7826023 0"
					"row2" "0.4500211 0.8930179 0 0.04124045 0.2654946 0.9632299 0.02835956 0.02835956 0.9991955 -0.02085913 -0.177878 0.9838315 -0.04743273 -0.3335584 0.9415354 -0.04843518 -0.4409623 0.8962178 -0.04080848 -0.5103145 0.8590191 -0.02145878 -0.5479695 0.8362231 0.00106447 -0.5598705 0.8285794 0.01934175 -0.5479931 0.8362591 0.03863623 -0.5103586 0.8590933 0.05073226 -0.4409119 0.8961155 0.04505305 -0.3335952 0.9416393 0.02338567 -0.177868 0.9837765 -0.03088774 0.02835744 0.9991205 -0.04601249 0.2654392 0.963029 -0.4563493 0.8898007 0"
					"row3" "0.0477416 0.9988598 0 -0.2636627 0.1602266 0.9512147 -0.177878 -0.02085913 0.9838315 -0.06018774 -0.06018774 0.9963709 -0.07849482 -0.2098617 0.9745752 -0.07844251 -0.3197052 0.9442644 -0.05920085 -0.3917018 0.9181857 -0.03178527 -0.4346634 0.9000319 0.00079284 -0.4476053 0.8942308 0.03021359 -0.4346845 0.9000758 0.05760137 -0.3917385 0.9182717 0.07680199 -0.3197462 0.9443855 0.08021192 -0.2098329 0.9744415 0.06194786 -0.06018125 0.9962634 0.1754636 -0.02086831 0.9842647 0.2681113 0.1600228 0.9500047 -0.05955317 0.9982251 0"
					"row4" "-0.521023 0.8535426 0 -0.4851911 0.07946739 0.8707896 -0.3335584 -0.04743273 0.9415354 -0.2098617 -0.07849482 0.9745752 -0.07926004 -0.07926004 0.9936979 -0.08252098 -0.1992691 0.976464 -0.06685846 -0.2849453 0.9562092 -0.03651867 -0.3328513 0.9422719 0.00065181 -0.3491348 0.9370723 0.03522819 -0.3328668 0.9423156 0.06555293 -0.2849701 0.9562922 0.08387 -0.1992466 0.9763537 0.08063348 -0.07925128 0.9935881 0.2082323 -0.07852278 0.9749223 0.3314367 -0.04747036 0.9422824 0.4818756 0.07963384 0.8726135 0.5309757 0.847387 0"
					"row5" "-0.8595152 0.5111102 0 -0.6083188 0.03494712 0.792923 -0.4409623 -0.04843518 0.8962178 -0.3197052 -0.07844251 0.9442644 -0.1992691 -0.08252098 0.976464 -0.07144614 -0.07144614 0.9948823 -0.06526983 -0.1765801 0.9821198 -0.03879349 -0.2382615 0.970426 0.00057079 -0.2597627 0.9656723 0.03766432 -0.2382718 0.9704679 0.06642578 -0.1765666 0.9820448 0.07261618 -0.07144009 0.9947981 0.200573 -0.08249857 0.976199 0.3182223 -0.07848382 0.9447618 0.4428145 -0.04838594 0.8953067 0.6108251 0.03486226 0.7909977 0.8626081 0.5058728 0"
					"row6" "-0.9616585 0.2742498 0 -0.6798529 0.01238334 0.7332439 -0.5103145 -0.04080848 0.8590191 -0.3917018 -0.05920085 0.9181857 -0.2849453 -0.06685846 0.9562092 -0.1765801 -0.06526983 0.9821198 -0.05335938 -0.05335938 0.9971488 -0.03771064 -0.1407872 0.9893214 0.00052447 -0.1714428 0.9851939 0.0387624 -0.1407816 0.9892815 0.0523158 -0.05336233 0.9972038 0.1754711 -0.06528298 0.9823176 0.2837399 -0.0668834 0.9565659 0.3930789 -0.05916306 0.9175994 0.5119442 -0.04076249 0.858051 0.6778881 0.01241401 0.7350603 0.9624065 0.2716134 0"
					"row7" "-0.9923424 0.1235172 0 -0.7130886 0.00680246 0.701041 -0.5479695 -0.02145878 0.8362231 -0.4346634 -0.03178527 0.9000319 -0.3328513 -0.03651867 0.9422719 -0.2382615 -0.03879349 0.970426 -0.1407872 -0.03771064 0.9893214 -0.02792573 -0.02792573 0.9992198 0.00049976 -0.08540329 0.9963464 0.02693839 -0.02792649 0.999247 0.1418195 -0.03770503 0.9891741 0.2393432 -0.03878286 0.9701602 0.3340161 -0.03650271 0.9418603 0.4333861 -0.03180699 0.9006469 0.5494704 -0.02143351 0.8352383 0.7148172 0.00678536 0.6992785 0.9922065 0.1246048 0"
					"row8" "-0.9999906 0.00434135 0 -0.7232116 0.001739 0.6906243 -0.5598705 0.00106447 0.8285794 -0.4476053 0.00079284 0.8942308 -0.3491348 0.00065181 0.9370723 -0.2597627 0.00057079 0.9656723 -0.1714428 0.00052447 0.9851939 -0.08540329 0.00049976 0.9963464 0.0004918 0.0004918 0.9999998 0.08639539 0.00049972 0.9962608 0.1724606 0.00052437 0.9850163 0.258713 0.00057096 0.9659541 0.3502786 0.00065151 0.9366453 0.4463542 0.0007934 0.894856 0.5613295 0.0010632 0.8275917 0.7248642 0.00173463 0.6888896 0.9999908 0.00430398 0"
					"row9" "-0.9933985 -0.1147151 0 -0.7131012 -0.00327207 0.7010535 -0.5479931 0.01934175 0.8362591 -0.4346845 0.03021359 0.9000758 -0.3328668 0.03522819 0.9423156 -0.2382718 0.03766432 0.9704679 -0.1407816 0.0387624 0.9892815 -0.02792649 0.02693839 0.999247 0.00049972 0.08639539 0.9962608 0.02693912 0.02693912 0.999274 0.1418138 0.03875664 0.9891344 0.2393535 0.03765401 0.9702021 0.3340316 0.0352128 0.9419038 0.4334073 0.03023424 0.9006909 0.549494 0.01931897 0.8352743 0.7148299 -0.00326384 0.6992909 0.993281 -0.1157274 0"
					"row10" "-0.9642812 -0.2648808 0 -0.6798178 -0.01602232 0.733206 -0.5103586 0.03863623 0.8590933 -0.3917385 0.05760137 0.9182717 -0.2849701 0.06555293 0.9562922 -0.1765666 0.06642578 0.9820448 -0.05336233 0.0523158 0.9972038 -0.03770503 0.1418195 0.9891741 0.00052437 0.1724606 0.9850163 0.03875664 0.1418138 0.9891344 0.05231869 0.05231869 0.997259 0.1754577 0.06643916 0.9822426 0.2837645 0.06557739 0.956649 0.3931156 0.05756459 0.9176853 0.5119883 0.03859268 0.858125 0.6778529 -0.01606201 0.7350221 0.9649808 -0.2623208 0"
					"row11" "-0.8542965 -0.519786 0 -0.6083989 -0.03095779 0.7930273 -0.4409119 0.05073226 0.8961155 -0.3197462 0.07680199 0.9443855 -0.1992466 0.08387 0.9763537 -0.07144009 0.07261618 0.9947981 -0.06528298 0.1754711 0.9823176 -0.03878286 0.2393432 0.9701602 0.00057096 0.258713 0.9659541 0.03765401 0.2393535 0.9702021 0.06643916 0.1754577 0.9822426 0.07261003 0.07261003 0.9947138 0.2005503 0.08384724 0.9760888 0.3182631 0.07684245 0.944883 0.442764 0.0506807 0.8952047 0.6109051 -0.0308826 0.7911013 0.8574765 -0.5145231 0"
					"row12" "-0.5272236 -0.8497266 0 -0.4853556 -0.07510767 0.8710848 -0.3335952 0.04505305 0.9416393 -0.2098329 0.08021192 0.9744415 -0.07925128 0.08063348 0.9935881 -0.08249857 0.200573 0.976199 -0.0668834 0.2837399 0.9565659 -0.03650271 0.3340161 0.9418603 0.00065151 0.3502786 0.9366453 0.0352128 0.3340316 0.9419038 0.06557739 0.2837645 0.956649 0.08384724 0.2005503 0.9760888 0.08062457 0.08062457 0.9934784 0.2082038 0.08024049 0.9747885 0.3314733 0.0450888 0.9423866 0.4820396 -0.0752651 0.8729106 0.5372024 -0.8434535 0"
					"row13" "0.04718313 -0.9988862 0 -0.2638623 -0.1555539 0.9519347 -0.177868 0.02338567 0.9837765 -0.06018125 0.06194786 0.9962634 -0.07852278 0.2082323 0.9749223 -0.07848382 0.3182223 0.9447618 -0.05916306 0.3930789 0.9175994 -0.03180699 0.4333861 0.9006469 0.0007934 0.4463542 0.894856 0.03023424 0.4334073 0.9006909 0.05756459 0.3931156 0.9176853 0.07684245 0.3182631 0.944883 0.08024049 0.2082038 0.9747885 0.06194118 0.06194118 0.9961559 0.1754538 0.02339597 0.9842097 0.2683138 -0.1553558 0.950722 -0.05885741 -0.9982665 0"
					"row14" "0.4468349 -0.8946165 0 0.04129318 -0.2609768 0.9644615 0.02835744 -0.03088774 0.9991205 -0.02086831 0.1754636 0.9842647 -0.04747036 0.3314367 0.9422824 -0.04838594 0.4428145 0.8953067 -0.04076249 0.5119442 0.858051 -0.02143351 0.5494704 0.8352383 0.0010632 0.5613295 0.8275917 0.01931897 0.549494 0.8352743 0.03859268 0.5119883 0.858125 0.0506807 0.442764 0.8952047 0.0450888 0.3314733 0.9423866 0.02339597 0.1754538 0.9842097 -0.03088542 -0.03088542 0.9990456 -0.0460713 -0.2609222 0.9642598 -0.4531412 -0.8914387 0"
					"row15" "0.6285046 -0.7778059 0 0.3634555 -0.3591267 0.8596093 0.2654392 -0.04601249 0.963029 0.1600228 0.2681113 0.9500047 0.07963384 0.4818756 0.8726135 0.03486226 0.6108251 0.7909977 0.01241401 0.6778881 0.7350603 0.00678536 0.7148172 0.6992785 0.00173463 0.7248642 0.6888896 -0.00326384 0.7148299 0.6992909 -0.01606201 0.6778529 0.7350221 -0.0308826 0.6109051 0.7911013 -0.0752651 0.4820396 0.8729106 -0.1553558 0.2683138 0.950722 -0.2609222 -0.0460713 0.9642598 -0.3596897 -0.3596897 0.8609569 -0.6251861 -0.7804757 0"
					"row16" "0.7090448 -0.7051635 0 0.7826023 -0.622522 0 0.8898007 -0.4563493 0 0.9982251 -0.05955317 0 0.847387 0.5309757 0 0.5058728 0.8626081 0 0.2716134 0.9624065 0 0.1246048 0.9922065 0 0.00430398 0.9999908 0 -0.1157274 0.993281 0 -0.2623208 0.9649808 0 -0.5145231 0.8574765 0 -0.8434535 0.5372024 0 -0.9982665 -0.05885741 0 -0.8914387 -0.4531412 0 -0.7804757 -0.6251861 0 -0.7071068 -0.7071068 0"
				}
				distances
				{
					"row0" "130.1077 92.67477 62.2193 41.89219 36.46672 41.88408 49.91377 56.43213 58.00055 56.37214 49.77801 42.13993 36.03784 42.38803 62.66297 92.28253 129.752"
					"row1" "92.67477 116.5137 103.8174 105.1287 114.8383 126.1156 136.3803 142.645 144.7965 142.6425 136.3873 126.0991 114.7994 105.0492 103.6848 116.3319 92.36043"
					"row2" "62.2193 103.8174 196.1578 199.2211 208.1706 218.6968 228.1672 234.3872 236.5494 234.3771 228.1475 218.7218 208.1476 199.2323 196.1725 103.839 62.44426"
					"row3" "41.89219 105.1287 199.2211 285.0344 291.409 300.7632 309.3056 315.5444 317.5914 315.529 309.2766 300.7247 291.449 285.0652 199.1334 105.2626 41.91882"
					"row4" "36.46672 114.8383 208.1706 291.409 364.2958 370.7254 378.5782 384.1779 386.3096 384.16 378.5454 370.7673 364.3361 291.3053 208.0056 114.5983 36.73162"
					"row5" "41.88408 126.1156 218.6968 300.7632 370.7254 428.1913 433.7556 438.9825 441.1434 438.9635 433.7888 428.2276 370.826 300.6049 218.9194 126.4226 42.31771"
					"row6" "49.91377 136.3803 228.1672 309.3056 378.5782 433.7556 474.3525 478.1055 480.1085 478.1248 474.3263 433.6683 378.4371 309.5032 228.4247 136.0433 50.39825"
					"row7" "56.43213 142.645 234.3872 315.5444 384.1779 438.9825 478.1055 502.3919 503.8409 502.3783 478.1767 439.1028 384.3458 315.3289 234.6636 143.0045 55.93957"
					"row8" "58.00055 144.7965 236.5494 317.5914 386.3096 441.1434 480.1085 503.8409 512.0001 503.8841 480.1951 441.0148 386.4857 317.3695 236.8318 145.1611 58.50414"
					"row9" "56.37214 142.6425 234.3771 315.529 384.16 438.9635 478.1248 502.3783 503.8841 502.3647 478.1959 439.0838 384.328 315.3135 234.6535 143.002 55.87905"
					"row10" "49.77801 136.3873 228.1475 309.2766 378.5454 433.7888 474.3263 478.1767 480.1951 478.1959 474.3 433.7014 378.4042 309.4743 228.405 136.0503 50.2638"
					"row11" "42.13993 126.0991 218.7218 300.7247 370.7673 428.2276 433.6683 439.1028 441.0148 439.0838 433.7014 428.2639 370.8679 300.5663 218.9443 126.4061 42.57096"
					"row12" "36.03784 114.7994 208.1476 291.449 364.3361 370.826 378.4371 384.3458 386.4857 384.328 378.4042 370.8679 364.3763 291.3452 207.9826 114.5593 36.30587"
					"row13" "42.38803 105.0492 199.2323 285.0652 291.3053 300.6049 309.5032 315.3289 317.3695 315.3135 309.4743 300.5663 291.3452 285.0959 199.1446 105.1832 42.41435"
					"row14" "62.66297 103.6848 196.1725 199.1334 208.0056 218.9194 228.4247 234.6636 236.8318 234.6535 228.405 218.9443 207.9826 199.1446 196.1872 103.7065 62.88635"
					"row15" "92.28253 116.3319 103.839 105.2626 114.5983 126.4226 136.0433 143.0045 145.1611 143.002 136.0503 126.4061 114.5593 105.1832 103.7065 116.1498 91.96685"
					"row16" "129.752 92.36043 62.44426 41.91882 36.73162 42.31771 50.39825 55.93957 58.50414 55.87905 50.2638 42.57096 36.30587 42.41435 62.88635 91.96685 129.3954"
				}
				offsets
				{
					"row0" "0 0 0 0 0 0 0 0 0 0 0 0 0 0 0 0 0 0 0 0 0 0 0 0 0 0 0 0 0 0 0 0 0 0 0 0 0 0 0 0 0 0 0 0 0 0 0 0 0 0 0"
					"row1" "0 0 0 0 0 0 0 0 0 0 0 0 0 0 0 0 0 0 0 0 0 0 0 0 0 0 0 0 0 0 0 0 0 0 0 0 0 0 0 0 0 0 0 0 0 0 0 0 0 0 0"
					"row2" "0 0 0 0 0 0 0 0 0 0 0 0 0 0 0 0 0 0 0 0 0 0 0 0 0 0 0 0 0 0 0 0 0 0 0 0 0 0 0 0 0 0 0 0 0 0 0 0 0 0 0"
					"row3" "0 0 0 0 0 0 0 0 0 0 0 0 0 0 0 0 0 0 0 0 0 0 0 0 0 0 0 0 0 0 0 0 0 0 0 0 0 0 0 0 0 0 0 0 0 0 0 0 0 0 0"
					"row4" "0 0 0 0 0 0 0 0 0 0 0 0 0 0 0 0 0 0 0 0 0 0 0 0 0 0 0 0 0 0 0 0 0 0 0 0 0 0 0 0 0 0 0 0 0 0 0 0 0 0 0"
					"row5" "0 0 0 0 0 0 0 0 0 0 0 0 0 0 0 0 0 0 0 0 0 0 0 0 0 0 0 0 0 0 0 0 0 0 0 0 0 0 0 0 0 0 0 0 0 0 0 0 0 0 0"
					"row6" "0 0 0 0 0 0 0 0 0 0 0 0 0 0 0 0 0 0 0 0 0 0 0 0 0 0 0 0 0 0 0 0 0 0 0 0 0 0 0 0 0 0 0 0 0 0 0 0 0 0 0"
					"row7" "0 0 0 0 0 0 0 0 0 0 0 0 0 0 0 0 0 0 0 0 0 0 0 0 0 0 0 0 0 0 0 0 0 0 0 0 0 0 0 0 0 0 0 0 0 0 0 0 0 0 0"
					"row8" "0 0 0 0 0 0 0 0 0 0 0 0 0 0 0 0 0 0 0 0 0 0 0 0 0 0 0 0 0 0 0 0 0 0 0 0 0 0 0 0 0 0 0 0 0 0 0 0 0 0 0"
					"row9" "0 0 0 0 0 0 0 0 0 0 0 0 0 0 0 0 0 0 0 0 0 0 0 0 0 0 0 0 0 0 0 0 0 0 0 0 0 0 0 0 0 0 0 0 0 0 0 0 0 0 0"
					"row10" "0 0 0 0 0 0 0 0 0 0 0 0 0 0 0 0 0 0 0 0 0 0 0 0 0 0 0 0 0 0 0 0 0 0 0 0 0 0 0 0 0 0 0 0 0 0 0 0 0 0 0"
					"row11" "0 0 0 0 0 0 0 0 0 0 0 0 0 0 0 0 0 0 0 0 0 0 0 0 0 0 0 0 0 0 0 0 0 0 0 0 0 0 0 0 0 0 0 0 0 0 0 0 0 0 0"
					"row12" "0 0 0 0 0 0 0 0 0 0 0 0 0 0 0 0 0 0 0 0 0 0 0 0 0 0 0 0 0 0 0 0 0 0 0 0 0 0 0 0 0 0 0 0 0 0 0 0 0 0 0"
					"row13" "0 0 0 0 0 0 0 0 0 0 0 0 0 0 0 0 0 0 0 0 0 0 0 0 0 0 0 0 0 0 0 0 0 0 0 0 0 0 0 0 0 0 0 0 0 0 0 0 0 0 0"
					"row14" "0 0 0 0 0 0 0 0 0 0 0 0 0 0 0 0 0 0 0 0 0 0 0 0 0 0 0 0 0 0 0 0 0 0 0 0 0 0 0 0 0 0 0 0 0 0 0 0 0 0 0"
					"row15" "0 0 0 0 0 0 0 0 0 0 0 0 0 0 0 0 0 0 0 0 0 0 0 0 0 0 0 0 0 0 0 0 0 0 0 0 0 0 0 0 0 0 0 0 0 0 0 0 0 0 0"
					"row16" "0 0 0 0 0 0 0 0 0 0 0 0 0 0 0 0 0 0 0 0 0 0 0 0 0 0 0 0 0 0 0 0 0 0 0 0 0 0 0 0 0 0 0 0 0 0 0 0 0 0 0"
				}
				offset_normals
				{
					"row0" "0 0 1 0 0 1 0 0 1 0 0 1 0 0 1 0 0 1 0 0 1 0 0 1 0 0 1 0 0 1 0 0 1 0 0 1 0 0 1 0 0 1 0 0 1 0 0 1 0 0 1"
					"row1" "0 0 1 0 0 1 0 0 1 0 0 1 0 0 1 0 0 1 0 0 1 0 0 1 0 0 1 0 0 1 0 0 1 0 0 1 0 0 1 0 0 1 0 0 1 0 0 1 0 0 1"
					"row2" "0 0 1 0 0 1 0 0 1 0 0 1 0 0 1 0 0 1 0 0 1 0 0 1 0 0 1 0 0 1 0 0 1 0 0 1 0 0 1 0 0 1 0 0 1 0 0 1 0 0 1"
					"row3" "0 0 1 0 0 1 0 0 1 0 0 1 0 0 1 0 0 1 0 0 1 0 0 1 0 0 1 0 0 1 0 0 1 0 0 1 0 0 1 0 0 1 0 0 1 0 0 1 0 0 1"
					"row4" "0 0 1 0 0 1 0 0 1 0 0 1 0 0 1 0 0 1 0 0 1 0 0 1 0 0 1 0 0 1 0 0 1 0 0 1 0 0 1 0 0 1 0 0 1 0 0 1 0 0 1"
					"row5" "0 0 1 0 0 1 0 0 1 0 0 1 0 0 1 0 0 1 0 0 1 0 0 1 0 0 1 0 0 1 0 0 1 0 0 1 0 0 1 0 0 1 0 0 1 0 0 1 0 0 1"
					"row6" "0 0 1 0 0 1 0 0 1 0 0 1 0 0 1 0 0 1 0 0 1 0 0 1 0 0 1 0 0 1 0 0 1 0 0 1 0 0 1 0 0 1 0 0 1 0 0 1 0 0 1"
					"row7" "0 0 1 0 0 1 0 0 1 0 0 1 0 0 1 0 0 1 0 0 1 0 0 1 0 0 1 0 0 1 0 0 1 0 0 1 0 0 1 0 0 1 0 0 1 0 0 1 0 0 1"
					"row8" "0 0 1 0 0 1 0 0 1 0 0 1 0 0 1 0 0 1 0 0 1 0 0 1 0 0 1 0 0 1 0 0 1 0 0 1 0 0 1 0 0 1 0 0 1 0 0 1 0 0 1"
					"row9" "0 0 1 0 0 1 0 0 1 0 0 1 0 0 1 0 0 1 0 0 1 0 0 1 0 0 1 0 0 1 0 0 1 0 0 1 0 0 1 0 0 1 0 0 1 0 0 1 0 0 1"
					"row10" "0 0 1 0 0 1 0 0 1 0 0 1 0 0 1 0 0 1 0 0 1 0 0 1 0 0 1 0 0 1 0 0 1 0 0 1 0 0 1 0 0 1 0 0 1 0 0 1 0 0 1"
					"row11" "0 0 1 0 0 1 0 0 1 0 0 1 0 0 1 0 0 1 0 0 1 0 0 1 0 0 1 0 0 1 0 0 1 0 0 1 0 0 1 0 0 1 0 0 1 0 0 1 0 0 1"
					"row12" "0 0 1 0 0 1 0 0 1 0 0 1 0 0 1 0 0 1 0 0 1 0 0 1 0 0 1 0 0 1 0 0 1 0 0 1 0 0 1 0 0 1 0 0 1 0 0 1 0 0 1"
					"row13" "0 0 1 0 0 1 0 0 1 0 0 1 0 0 1 0 0 1 0 0 1 0 0 1 0 0 1 0 0 1 0 0 1 0 0 1 0 0 1 0 0 1 0 0 1 0 0 1 0 0 1"
					"row14" "0 0 1 0 0 1 0 0 1 0 0 1 0 0 1 0 0 1 0 0 1 0 0 1 0 0 1 0 0 1 0 0 1 0 0 1 0 0 1 0 0 1 0 0 1 0 0 1 0 0 1"
					"row15" "0 0 1 0 0 1 0 0 1 0 0 1 0 0 1 0 0 1 0 0 1 0 0 1 0 0 1 0 0 1 0 0 1 0 0 1 0 0 1 0 0 1 0 0 1 0 0 1 0 0 1"
					"row16" "0 0 1 0 0 1 0 0 1 0 0 1 0 0 1 0 0 1 0 0 1 0 0 1 0 0 1 0 0 1 0 0 1 0 0 1 0 0 1 0 0 1 0 0 1 0 0 1 0 0 1"
				}
				alphas
				{
					"row0" "0 0 0 0 0 0 0 0 0 0 0 0 0 0 0 0 0"
					"row1" "0 0 0 0 0 0 0 0 0 0 0 0 0 0 0 0 0"
					"row2" "0 0 0 0 0 0 0 0 0 0 0 0 0 0 0 0 0"
					"row3" "0 0 0 0 0 0 0 0 0 0 0 0 0 0 0 0 0"
					"row4" "0 0 0 0 0 0 0 0 0 0 0 0 0 0 0 0 0"
					"row5" "0 0 0 0 0 0 0 0 0 0 0 0 0 0 0 0 0"
					"row6" "0 0 0 0 0 0 0 0 0 0 0 0 0 0 0 0 0"
					"row7" "0 0 0 0 0 0 0 0 0 0 0 0 0 0 0 0 0"
					"row8" "0 0 0 0 0 0 0 0 0 0 0 0 0 0 0 0 0"
					"row9" "0 0 0 0 0 0 0 0 0 0 0 0 0 0 0 0 0"
					"row10" "0 0 0 0 0 0 0 0 0 0 0 0 0 0 0 0 0"
					"row11" "0 0 0 0 0 0 0 0 0 0 0 0 0 0 0 0 0"
					"row12" "0 0 0 0 0 0 0 0 0 0 0 0 0 0 0 0 0"
					"row13" "0 0 0 0 0 0 0 0 0 0 0 0 0 0 0 0 0"
					"row14" "0 0 0 0 0 0 0 0 0 0 0 0 0 0 0 0 0"
					"row15" "0 0 0 0 0 0 0 0 0 0 0 0 0 0 0 0 0"
					"row16" "0 0 0 0 0 0 0 0 0 0 0 0 0 0 0 0 0"
				}
				triangle_tags
				{
					"row0" "0 0 0 0 0 0 0 0 0 0 0 0 0 0 0 0 0 0 0 0 0 0 0 0 0 0 0 0 0 0 0 0"
					"row1" "0 0 0 0 0 0 0 0 0 0 0 0 0 0 0 0 0 0 0 0 0 0 0 0 0 0 0 0 0 0 0 0"
					"row2" "0 0 0 0 0 0 0 0 0 0 0 0 0 0 0 0 0 0 0 0 0 0 0 0 0 0 0 0 0 0 0 0"
					"row3" "0 0 0 0 0 0 0 0 0 0 0 0 0 0 0 0 0 0 0 0 0 0 0 0 0 0 0 0 0 0 0 0"
					"row4" "0 0 0 0 0 0 0 0 0 0 0 0 0 0 0 0 0 0 0 0 0 0 0 0 0 0 0 0 0 0 0 0"
					"row5" "0 0 0 0 0 0 0 0 0 0 0 0 0 0 0 0 0 0 0 0 0 0 0 0 0 0 0 0 0 0 0 0"
					"row6" "0 0 0 0 0 0 0 0 0 0 0 0 0 0 0 0 0 0 0 0 0 0 0 0 0 0 0 0 0 0 0 0"
					"row7" "0 0 0 0 0 0 0 0 0 0 0 0 0 0 0 0 0 0 0 0 0 0 0 0 0 0 0 0 0 0 0 0"
					"row8" "0 0 0 0 0 0 0 0 0 0 0 0 0 0 0 0 0 0 0 0 0 0 0 0 0 0 0 0 0 0 0 0"
					"row9" "0 0 0 0 0 0 0 0 0 0 0 0 0 0 0 0 0 0 0 0 0 0 0 0 0 0 0 0 0 0 0 0"
					"row10" "0 0 0 0 0 0 0 0 0 0 0 0 0 0 0 0 0 0 0 0 0 0 0 0 0 0 0 0 0 0 0 0"
					"row11" "0 0 0 0 0 0 0 0 0 0 0 0 0 0 0 0 0 0 0 0 0 0 0 0 0 0 0 0 0 0 0 0"
					"row12" "0 0 0 0 0 0 0 0 0 0 0 0 0 0 0 0 0 0 0 0 0 0 0 0 0 0 0 0 0 0 0 0"
					"row13" "0 0 0 0 0 0 0 0 0 0 0 0 0 0 0 0 0 0 0 0 0 0 0 0 0 0 0 0 0 0 0 0"
					"row14" "0 0 0 0 0 0 0 0 0 0 0 0 0 0 0 0 0 0 0 0 0 0 0 0 0 0 0 0 0 0 0 0"
					"row15" "0 0 0 0 0 0 0 0 0 0 0 0 0 0 0 0 0 0 0 0 0 0 0 0 0 0 0 0 0 0 0 0"
				}
				allowed_verts
				{
					"10" "-1 -1 -1 -1 -1 -1 -1 -1 -1 -1"
				}
			}
		}
		side
		{
			"id" "2"
			"plane" "(0 907.4964 -64) (0 0 -64) (907.4964 0 -64)"
			"material" "CONCRETE/CONCRETEFLOOR005A"
			"uaxis" "[1 0 0 0] 0.25"
			"vaxis" "[0 -1 0 0] 0.25"
			"rotation" "0"
			"lightmapscale" "16"
			"smoothing_groups" "0"
		}
		side
		{
			"id" "3"
			"plane" "(0 0 -64) (0 907.4964 -64) (0 907.4964 0)"
			"material" "CONCRETE/CONCRETEFLOOR005A"
			"uaxis" "[0 1 0 0] 0.25"
			"vaxis" "[0 0 -1 0] 0.25"
			"rotation" "0"
			"lightmapscale" "16"
			"smoothing_groups" "0"
		}
		side
		{
			"id" "4"
			"plane" "(907.4964 907.4964 -64) (907.4964 0 -64) (907.4964 0 0)"
			"material" "CONCRETE/CONCRETEFLOOR005A"
			"uaxis" "[0 1 0 0] 0.25"
			"vaxis" "[0 0 -1 0] 0.25"
			"rotation" "0"
			"lightmapscale" "16"
			"smoothing_groups" "0"
		}
		side
		{
			"id" "5"
			"plane" "(0 907.4964 -64) (907.4964 907.4964 -64) (907.4964 907.4964 0)"
			"material" "CONCRETE/CONCRETEFLOOR005A"
			"uaxis" "[1 0 0 0] 0.25"
			"vaxis" "[0 0 -1 0] 0.25"
			"rotation" "0"
			"lightmapscale" "16"
			"smoothing_groups" "0"
		}
		side
		{
			"id" "6"
			"plane" "(907.4964 0 -64) (0 0 -64) (0 0 0)"
			"material" "CONCRETE/CONCRETEFLOOR005A"
			"uaxis" "[1 0 0 0] 0.25"
			"vaxis" "[0 0 -1 0] 0.25"
			"rotation" "0"
			"lightmapscale" "16"
			"smoothing_groups" "0"
		}
		editor
		{
			"color" "0 173 190"
			"visgroupshown" "1"
			"visgroupautoshown" "1"
		}
	}
}
cameras
{
	"activecamera" "-1"
}
cordon
{
	"mins" "(-1024 -1024 -1024)"
	"maxs" "(1024 1024 1024)"
	"active" "0"
}
