versioninfo
{
	"editorversion" "400"
	"editorbuild" "3576"
	"mapversion" "1"
	"formatversion" "100"
	"prefab" "0"
}
visgroups
{
}
viewsettings
{
	"bSnapToGrid" "1"
	"bShowGrid" "1"
	"bShowLogicalGrid" "0"
	"nGridSpacing" "64"
	"bShow3DGrid" "0"
}
world
{
	"id" "1"
	"mapversion" "1"
	"classname" "worldspawn"
	"skyname" "sky_day01_01"
	"maxpropscreenwidth" "-1"
	"detailvbsp" "detail.vbsp"
	"detailmaterial" "detail/detailsprites"
	solid
	{
		"id" "2"
		side
		{
			"id" "1"
			"plane" "(0 0 0) (0 453.7482 0) (453.7482 453.7482 0)"
			"material" "CONCRETE/CONCRETEFLOOR005A"
			"uaxis" "[1 0 0 0] 0.25"
			"vaxis" "[0 -1 0 0] 0.25"
			"rotation" "0"
			"lightmapscale" "16"
			"smoothing_groups" "0"
			dispinfo
			{
				"power" "4"
				"startposition" "[0 0 0]"
				"flags" "0"
				"elevation" "0"
				"subdiv" "0"
				normals
				{
					"row0" "0.7071068 0.7071068 0 0.6585342 0.7525508 0 0.600071 0.7999467 0 0.5301257 0.847919 0 0.447412 0.894328 0 0.3514079 0.9362224 0 0.2429154 0.9700475 0 0.1245089 0.9922185 0 0.00055463 0.9999999 0 -0.1234251 0.9923539 0 -0.2419024 0.9703006 0 -0.3504972 0.9365638 0 -0.446618 0.8947247 0 -0.529449 0.8483418 0 -0.5995027 0.8003727 0 -0.658061 0.7529646 0 -0.7067143 0.7074991 0"
					"row1" "0.7525508 0.6585342 0 0.70334 0.70334 0.1030807 0.6638387 0.738916 0.115417 0.6087539 0.7828628 0.1286259 0.532168 0.8344246 0.1432932 0.4441111 0.8818228 0.1586001 0.3166333 0.9327024 0.1726541 0.166733 0.9692135 0.1811779 0.00122927 0.982641 0.1855131 -0.1643972 0.9695989 0.1812499 -0.3145724 0.9333765 0.1727789 -0.4424213 0.8826451 0.158748 -0.5361946 0.8319169 0.1428626 -0.6076792 0.7836752 0.1287594 -0.6629819 0.7396667 0.1155342 -0.7026488 0.7040161 0.1031798 -0.7521885 0.658948 0"
					"row2" "0.7999467 0.600071 0 0.738916 0.6638387 0.115417 0.4408042 0.4408042 0.7819101 0.3727353 0.306872 0.8757271 0.2840302 0.1671918 0.9441259 0.210984 0.04272722 0.9765553 0.1298902 -0.0622576 0.9895719 0.05920239 -0.1282806 0.9899693 0.00166178 -0.141476 0.9899403 -0.05588941 -0.1283051 0.9901586 -0.1266218 -0.06228413 0.9899937 -0.2078479 0.04275658 0.9772263 -0.2926541 0.1667389 0.9415687 -0.3701995 0.3072075 0.8766845 -0.4386854 0.4413137 0.7828138 -0.7409692 0.6616138 0.1150301 -0.7996269 0.6004971 0"
					"row3" "0.847919 0.5301257 0 0.7828628 0.6087539 0.1286259 0.306872 0.3727353 0.8757271 -0.1548667 -0.1548667 0.9757215 -0.1519621 -0.2931929 0.9438991 -0.1310578 -0.3971339 0.9083549 -0.09013386 -0.4635007 0.8815005 -0.04651121 -0.5029634 0.8630553 0.00068275 -0.5156029 0.8568274 0.04788353 -0.5029308 0.8629993 0.09152701 -0.4634416 0.881388 0.1268268 -0.3973542 0.908859 0.1534311 -0.2931256 0.9436823 0.1563838 -0.1548292 0.9754855 -0.3147535 0.3717259 0.8733557 -0.7822016 0.609567 0.1287977 -0.8476544 0.5305488 0"
					"row4" "0.894328 0.447412 0 0.8344246 0.532168 0.1432932 0.1671918 0.2840302 0.9441259 -0.2931929 -0.1519621 0.9438991 -0.2468525 -0.2468525 0.9370847 -0.2025219 -0.3545685 0.912834 -0.1433144 -0.4298399 0.8914586 -0.073844 -0.4717165 0.8786527 0.00042976 -0.4862031 0.8738458 0.07470345 -0.4716862 0.8785963 0.1441731 -0.4297858 0.8913463 0.2033828 -0.3545039 0.9126678 0.2477177 -0.2467962 0.9368712 0.294567 -0.1518949 0.9434819 -0.1641081 0.2841794 0.9446219 -0.8338463 0.5330122 0.1435205 -0.8941291 0.4478092 0"
					"row5" "0.9362224 0.3514079 0 0.8818228 0.4441111 0.1586001 0.04272722 0.210984 0.9765553 -0.3971339 -0.1310578 0.9083549 -0.3545685 -0.2025219 0.912834 -0.2196341 -0.2196341 0.9505376 -0.1614919 -0.3163429 0.9347982 -0.08479068 -0.3749854 0.9231449 0.00032687 -0.3940992 0.9190679 0.08544254 -0.3749644 0.9230933 0.1621394 -0.3163088 0.9346976 0.2202775 -0.2196014 0.9503962 0.3553531 -0.2024574 0.9125433 0.3983521 -0.1309824 0.9078321 -0.03945376 0.2110124 0.9766868 -0.8832003 0.4416767 0.1577307 -0.936094 0.3517499 0"
					"row6" "0.9700475 0.2429154 0 0.9327024 0.3166333 0.1726541 -0.0622576 0.1298902 0.9895719 -0.4635007 -0.09013386 0.8815005 -0.4298399 -0.1433144 0.8914586 -0.3163429 -0.1614919 0.9347982 -0.1586748 -0.1586748 0.9744971 -0.08953806 -0.2434446 0.9657731 0.00027713 -0.2732931 0.9619308 0.09009004 -0.2434324 0.9657248 0.1592221 -0.1586607 0.9744102 0.3169411 -0.1614579 0.9346014 0.4277124 -0.1434747 0.8924557 0.4646026 -0.09007514 0.8809261 0.06556615 0.1298626 0.9893618 -0.9335784 0.3146371 0.1715656 -0.9699839 0.2431692 0"
					"row7" "0.9922185 0.1245089 0 0.9692135 0.166733 0.1811779 -0.1282806 0.05920239 0.9899693 -0.5029634 -0.04651121 0.8630553 -0.4717165 -0.073844 0.8786527 -0.3749854 -0.08479068 0.9231449 -0.2434446 -0.08953806 0.9657731 -0.08163074 -0.08163074 0.993314 0.00025287 -0.1396226 0.9902048 0.08213466 -0.08162735 0.9932728 0.243968 -0.08952592 0.9656421 0.3733068 -0.08485262 0.9238192 0.472388 -0.07381389 0.8782943 0.499901 -0.04660672 0.8648277 0.1185493 0.05927463 0.9911774 -0.9690673 0.1671218 0.1816005 -0.9922014 0.124645 0"
					"row8" "0.9999999 0.00055463 0 0.982641 0.00122927 0.1855131 -0.141476 0.00166178 0.9899403 -0.5156029 0.00068275 0.8568274 -0.4862031 0.00042976 0.8738458 -0.3940992 0.00032687 0.9190679 -0.2732931 0.00027713 0.9619308 -0.1396226 0.00025287 0.9902048 0.0002459 0.0002459 0.9999999 0.1401184 0.00025286 0.9901347 0.2738058 0.00027709 0.961785 0.3924565 0.00032712 0.9197705 0.486859 0.00042958 0.8734804 0.5126147 0.00068418 0.8586184 0.1447309 0.00166099 0.9894696 -0.9825561 0.00123225 0.1859624 -0.9999999 0.00055524 0"
					"row9" "0.9923539 -0.1234251 0 0.9695989 -0.1643972 0.1812499 -0.1283051 -0.05588941 0.9901586 -0.5029308 0.04788353 0.8629993 -0.4716862 0.07470345 0.8785963 -0.3749644 0.08544254 0.9230933 -0.2434324 0.09009004 0.9657248 -0.08162735 0.08213466 0.9932728 0.00025286 0.1401184 0.9901347 0.08213124 0.08213124 0.9932315 0.2439558 0.09007782 0.9655939 0.3732859 0.08550495 0.9237676 0.4723577 0.07467299 0.8782381 0.4998684 0.04798184 0.8647712 0.118572 -0.05595765 0.9913675 -0.9694545 -0.1647809 0.181673 -0.9923371 -0.12356 0"
					"row10" "0.9703006 -0.2419024 0 0.9333765 -0.3145724 0.1727789 -0.06228413 -0.1266218 0.9899937 -0.4634416 0.09152701 0.881388 -0.4297858 0.1441731 0.8913463 -0.3163088 0.1621394 0.9346976 -0.1586607 0.1592221 0.9744102 -0.08952592 0.243968 0.9656421 0.00027709 0.2738058 0.961785 0.09007782 0.2439558 0.9655939 0.1592079 0.1592079 0.9743232 0.316907 0.1621052 0.9345008 0.4276583 0.1443343 0.8923429 0.4645434 0.09146739 0.8808139 0.06559409 -0.1265949 0.9897834 -0.9342446 -0.3125863 0.1716881 -0.9702375 -0.2421553 0"
					"row11" "0.9365638 -0.3504972 0 0.8826451 -0.4424213 0.158748 0.04275658 -0.2078479 0.9772263 -0.3973542 0.1268268 0.908859 -0.3545039 0.2033828 0.9126678 -0.2196014 0.2202775 0.9503962 -0.1614579 0.3169411 0.9346014 -0.08485262 0.3733068 0.9238192 0.00032712 0.3924565 0.9197705 0.08550495 0.3732859 0.9237676 0.1621052 0.316907 0.9345008 0.2202448 0.2202448 0.950255 0.3552884 0.203318 0.9123771 0.3985729 0.1267537 0.9083354 -0.03948088 -0.2078759 0.9773581 -0.884015 -0.4399917 0.1578762 -0.936436 -0.3508385 0"
					"row12" "0.8947247 -0.446618 0 0.8319169 -0.5361946 0.1428626 0.1667389 -0.2926541 0.9415687 -0.2931256 0.1534311 0.9436823 -0.2467962 0.2477177 0.9368712 -0.2024574 0.3553531 0.9125433 -0.1434747 0.4277124 0.8924557 -0.07381389 0.472388 0.8782943 0.00042958 0.486859 0.8734804 0.07467299 0.4723577 0.8782381 0.1443343 0.4276583 0.8923429 0.203318 0.3552884 0.9123771 0.2476613 0.2476613 0.9366578 0.2944994 0.1533633 0.9432656 -0.1636631 -0.292807 0.9420607 -0.8313326 -0.5370401 0.1430879 -0.8945265 -0.4470149 0"
					"row13" "0.8483418 -0.529449 0 0.7836752 -0.6076792 0.1287594 0.3072075 -0.3701995 0.8766845 -0.1548292 0.1563838 0.9754855 -0.1518949 0.294567 0.9434819 -0.1309824 0.3983521 0.9078321 -0.09007514 0.4646026 0.8809261 -0.04660672 0.499901 0.8648277 0.00068418 0.5126147 0.8586184 0.04798184 0.4998684 0.8647712 0.09146739 0.4645434 0.8808139 0.1267537 0.3985729 0.9083354 0.1533633 0.2944994 0.9432656 0.156346 0.156346 0.9752496 -0.3150957 -0.3691948 0.8743054 -0.7830155 -0.6084926 0.1289317 -0.8480777 -0.5298719 0"
					"row14" "0.8003727 -0.5995027 0 0.7396667 -0.6629819 0.1155342 0.4413137 -0.4386854 0.7828138 0.3717259 -0.3147535 0.8733557 0.2841794 -0.1641081 0.9446219 0.2110124 -0.03945376 0.9766868 0.1298626 0.06556615 0.9893618 0.05927463 0.1185493 0.9911774 0.00166099 0.1447309 0.9894696 -0.05595765 0.118572 0.9913675 -0.1265949 0.06559409 0.9897834 -0.2078759 -0.03948088 0.9773581 -0.292807 -0.1636631 0.9420607 -0.3691948 -0.3150957 0.8743054 -0.4391935 -0.4391935 0.7837206 -0.7417168 -0.6607552 0.1151462 -0.8000534 -0.5999289 0"
					"row15" "0.7529646 -0.658061 0 0.7040161 -0.7026488 0.1031798 0.6616138 -0.7409692 0.1150301 0.609567 -0.7822016 0.1287977 0.5330122 -0.8338463 0.1435205 0.4416767 -0.8832003 0.1577307 0.3146371 -0.9335784 0.1715656 0.1671218 -0.9690673 0.1816005 0.00123225 -0.9825561 0.1859624 -0.1647809 -0.9694545 0.181673 -0.3125863 -0.9342446 0.1716881 -0.4399917 -0.884015 0.1578762 -0.5370401 -0.8313326 0.1430879 -0.6084926 -0.7830155 0.1289317 -0.6607552 -0.7417168 0.1151462 -0.7033255 -0.7033255 0.1032792 -0.7526026 -0.6584751 0"
					"row16" "0.7074991 -0.7067143 0 0.658948 -0.7521885 0 0.6004971 -0.7996269 0 0.5305488 -0.8476544 0 0.4478092 -0.8941291 0 0.3517499 -0.936094 0 0.2431692 -0.9699839 0 0.124645 -0.9922014 0 0.00055524 -0.9999999 0 -0.12356 -0.9923371 0 -0.2421553 -0.9702375 0 -0.3508385 -0.936436 0 -0.4470149 -0.8945265 0 -0.5298719 -0.8480777 0 -0.5999289 -0.8000534 0 -0.6584751 -0.7526026 0 -0.7071068 -0.7071068 0"
				}
				distances
				{
					"row0" "321.0265 301.6407 283.7689 267.7142 253.8219 242.4637 234.0092 228.7803 227 228.749 233.9481 242.3754 253.7093 267.5808 283.6179 301.475 320.8485"
					"row1" "301.6407 184.3216 164.6205 147.7152 132.5953 119.7982 110.0466 104.8693 102.4186 104.8276 109.9671 119.6865 132.9949 147.5621 164.4534 184.1446 301.4513"
					"row2" "283.7689 164.6205 95.91896 85.64312 79.43856 76.80057 75.79035 75.75993 75.76215 75.74544 75.75806 76.74783 79.6543 85.54958 95.80822 165.1741 283.5675"
					"row3" "267.7142 147.7152 85.64312 161.9314 167.3908 173.9408 179.2398 183.0705 184.4012 183.0824 179.2627 173.8444 167.4292 161.9706 85.87566 147.5182 267.5008"
					"row4" "253.8219 132.5953 79.43856 167.3908 273.1877 280.4453 287.1698 291.3552 292.9579 291.3739 287.206 280.4964 273.2499 167.4648 79.39684 132.3852 253.5967"
					"row5" "242.4637 119.7982 76.80057 173.9408 280.4453 372.4208 378.6914 383.4718 385.1729 383.4932 378.7321 372.4762 280.5346 174.041 76.79022 120.4585 242.228"
					"row6" "234.0092 110.0466 75.79035 179.2398 287.1698 378.6914 448.4364 452.4872 454.2946 452.5099 448.4764 378.7711 286.849 179.3567 75.80644 110.7448 233.7649"
					"row7" "228.7803 104.8693 75.75993 183.0705 291.3552 383.4718 452.4872 496.3184 497.8768 496.339 452.5486 383.1918 291.474 182.6954 75.66759 104.6253 228.5304"
					"row8" "227 102.4186 75.76215 184.4012 292.9579 385.1729 454.2946 497.8768 512.0001 497.912 454.3635 384.8786 293.0804 184.0165 75.79818 102.1712 226.7482"
					"row9" "228.749 104.8276 75.74544 183.0824 291.3739 383.4932 452.5099 496.339 497.912 496.3596 452.5712 383.2133 291.4927 182.7073 75.65308 104.5835 228.4992"
					"row10" "233.9481 109.9671 75.75806 179.2627 287.206 378.7321 448.4764 452.5486 454.3635 452.5712 448.5165 378.8119 286.8852 179.3795 75.77415 110.6658 233.7038"
					"row11" "242.3754 119.6865 76.74783 173.8444 280.4964 372.4762 378.7711 383.1918 384.8786 383.2133 378.8119 372.5316 280.5857 173.9446 76.73748 120.3475 242.1396"
					"row12" "253.7093 132.9949 79.6543 167.4292 273.2499 280.5346 286.849 291.474 293.0804 291.4927 286.8852 280.5857 273.3122 167.5032 79.6127 132.7855 253.4841"
					"row13" "267.5808 147.5621 85.54958 161.9706 167.4648 174.041 179.3567 182.6954 184.0165 182.7073 179.3795 173.9446 167.5032 162.0098 85.78239 147.3648 267.3672"
					"row14" "283.6179 164.4534 95.80822 85.87566 79.39684 76.79022 75.80644 75.66759 75.79818 75.65308 75.77415 76.73748 79.6127 85.78239 95.69736 165.0076 283.4164"
					"row15" "301.475 184.1446 165.1741 147.5182 132.3852 120.4585 110.7448 104.6253 102.1712 104.5835 110.6658 120.3475 132.7855 147.3648 165.0076 183.9674 301.2854"
					"row16" "320.8485 301.4513 283.5675 267.5008 253.5967 242.228 233.7649 228.5304 226.7482 228.4992 233.7038 242.1396 253.4841 267.3672 283.4164 301.2854 320.6704"
				}
				offsets
				{
					"row0" "0 0 0 0 0 0 0 0 0 0 0 0 0 0 0 0 0 0 0 0 0 0 0 0 0 0 0 0 0 0 0 0 0 0 0 0 0 0 0 0 0 0 0 0 0 0 0 0 0 0 0"
					"row1" "0 0 0 0 0 0 0 0 0 0 0 0 0 0 0 0 0 0 0 0 0 0 0 0 0 0 0 0 0 0 0 0 0 0 0 0 0 0 0 0 0 0 0 0 0 0 0 0 0 0 0"
					"row2" "0 0 0 0 0 0 0 0 0 0 0 0 0 0 0 0 0 0 0 0 0 0 0 0 0 0 0 0 0 0 0 0 0 0 0 0 0 0 0 0 0 0 0 0 0 0 0 0 0 0 0"
					"row3" "0 0 0 0 0 0 0 0 0 0 0 0 0 0 0 0 0 0 0 0 0 0 0 0 0 0 0 0 0 0 0 0 0 0 0 0 0 0 0 0 0 0 0 0 0 0 0 0 0 0 0"
					"row4" "0 0 0 0 0 0 0 0 0 0 0 0 0 0 0 0 0 0 0 0 0 0 0 0 0 0 0 0 0 0 0 0 0 0 0 0 0 0 0 0 0 0 0 0 0 0 0 0 0 0 0"
					"row5" "0 0 0 0 0 0 0 0 0 0 0 0 0 0 0 0 0 0 0 0 0 0 0 0 0 0 0 0 0 0 0 0 0 0 0 0 0 0 0 0 0 0 0 0 0 0 0 0 0 0 0"
					"row6" "0 0 0 0 0 0 0 0 0 0 0 0 0 0 0 0 0 0 0 0 0 0 0 0 0 0 0 0 0 0 0 0 0 0 0 0 0 0 0 0 0 0 0 0 0 0 0 0 0 0 0"
					"row7" "0 0 0 0 0 0 0 0 0 0 0 0 0 0 0 0 0 0 0 0 0 0 0 0 0 0 0 0 0 0 0 0 0 0 0 0 0 0 0 0 0 0 0 0 0 0 0 0 0 0 0"
					"row8" "0 0 0 0 0 0 0 0 0 0 0 0 0 0 0 0 0 0 0 0 0 0 0 0 0 0 0 0 0 0 0 0 0 0 0 0 0 0 0 0 0 0 0 0 0 0 0 0 0 0 0"
					"row9" "0 0 0 0 0 0 0 0 0 0 0 0 0 0 0 0 0 0 0 0 0 0 0 0 0 0 0 0 0 0 0 0 0 0 0 0 0 0 0 0 0 0 0 0 0 0 0 0 0 0 0"
					"row10" "0 0 0 0 0 0 0 0 0 0 0 0 0 0 0 0 0 0 0 0 0 0 0 0 0 0 0 0 0 0 0 0 0 0 0 0 0 0 0 0 0 0 0 0 0 0 0 0 0 0 0"
					"row11" "0 0 0 0 0 0 0 0 0 0 0 0 0 0 0 0 0 0 0 0 0 0 0 0 0 0 0 0 0 0 0 0 0 0 0 0 0 0 0 0 0 0 0 0 0 0 0 0 0 0 0"
					"row12" "0 0 0 0 0 0 0 0 0 0 0 0 0 0 0 0 0 0 0 0 0 0 0 0 0 0 0 0 0 0 0 0 0 0 0 0 0 0 0 0 0 0 0 0 0 0 0 0 0 0 0"
					"row13" "0 0 0 0 0 0 0 0 0 0 0 0 0 0 0 0 0 0 0 0 0 0 0 0 0 0 0 0 0 0 0 0 0 0 0 0 0 0 0 0 0 0 0 0 0 0 0 0 0 0 0"
					"row14" "0 0 0 0 0 0 0 0 0 0 0 0 0 0 0 0 0 0 0 0 0 0 0 0 0 0 0 0 0 0 0 0 0 0 0 0 0 0 0 0 0 0 0 0 0 0 0 0 0 0 0"
					"row15" "0 0 0 0 0 0 0 0 0 0 0 0 0 0 0 0 0 0 0 0 0 0 0 0 0 0 0 0 0 0 0 0 0 0 0 0 0 0 0 0 0 0 0 0 0 0 0 0 0 0 0"
					"row16" "0 0 0 0 0 0 0 0 0 0 0 0 0 0 0 0 0 0 0 0 0 0 0 0 0 0 0 0 0 0 0 0 0 0 0 0 0 0 0 0 0 0 0 0 0 0 0 0 0 0 0"
				}
				offset_normals
				{
					"row0" "0 0 1 0 0 1 0 0 1 0 0 1 0 0 1 0 0 1 0 0 1 0 0 1 0 0 1 0 0 1 0 0 1 0 0 1 0 0 1 0 0 1 0 0 1 0 0 1 0 0 1"
					"row1" "0 0 1 0 0 1 0 0 1 0 0 1 0 0 1 0 0 1 0 0 1 0 0 1 0 0 1 0 0 1 0 0 1 0 0 1 0 0 1 0 0 1 0 0 1 0 0 1 0 0 1"
					"row2" "0 0 1 0 0 1 0 0 1 0 0 1 0 0 1 0 0 1 0 0 1 0 0 1 0 0 1 0 0 1 0 0 1 0 0 1 0 0 1 0 0 1 0 0 1 0 0 1 0 0 1"
					"row3" "0 0 1 0 0 1 0 0 1 0 0 1 0 0 1 0 0 1 0 0 1 0 0 1 0 0 1 0 0 1 0 0 1 0 0 1 0 0 1 0 0 1 0 0 1 0 0 1 0 0 1"
					"row4" "0 0 1 0 0 1 0 0 1 0 0 1 0 0 1 0 0 1 0 0 1 0 0 1 0 0 1 0 0 1 0 0 1 0 0 1 0 0 1 0 0 1 0 0 1 0 0 1 0 0 1"
					"row5" "0 0 1 0 0 1 0 0 1 0 0 1 0 0 1 0 0 1 0 0 1 0 0 1 0 0 1 0 0 1 0 0 1 0 0 1 0 0 1 0 0 1 0 0 1 0 0 1 0 0 1"
					"row6" "0 0 1 0 0 1 0 0 1 0 0 1 0 0 1 0 0 1 0 0 1 0 0 1 0 0 1 0 0 1 0 0 1 0 0 1 0 0 1 0 0 1 0 0 1 0 0 1 0 0 1"
					"row7" "0 0 1 0 0 1 0 0 1 0 0 1 0 0 1 0 0 1 0 0 1 0 0 1 0 0 1 0 0 1 0 0 1 0 0 1 0 0 1 0 0 1 0 0 1 0 0 1 0 0 1"
					"row8" "0 0 1 0 0 1 0 0 1 0 0 1 0 0 1 0 0 1 0 0 1 0 0 1 0 0 1 0 0 1 0 0 1 0 0 1 0 0 1 0 0 1 0 0 1 0 0 1 0 0 1"
					"row9" "0 0 1 0 0 1 0 0 1 0 0 1 0 0 1 0 0 1 0 0 1 0 0 1 0 0 1 0 0 1 0 0 1 0 0 1 0 0 1 0 0 1 0 0 1 0 0 1 0 0 1"
					"row10" "0 0 1 0 0 1 0 0 1 0 0 1 0 0 1 0 0 1 0 0 1 0 0 1 0 0 1 0 0 1 0 0 1 0 0 1 0 0 1 0 0 1 0 0 1 0 0 1 0 0 1"
					"row11" "0 0 1 0 0 1 0 0 1 0 0 1 0 0 1 0 0 1 0 0 1 0 0 1 0 0 1 0 0 1 0 0 1 0 0 1 0 0 1 0 0 1 0 0 1 0 0 1 0 0 1"
					"row12" "0 0 1 0 0 1 0 0 1 0 0 1 0 0 1 0 0 1 0 0 1 0 0 1 0 0 1 0 0 1 0 0 1 0 0 1 0 0 1 0 0 1 0 0 1 0 0 1 0 0 1"
					"row13" "0 0 1 0 0 1 0 0 1 0 0 1 0 0 1 0 0 1 0 0 1 0 0 1 0 0 1 0 0 1 0 0 1 0 0 1 0 0 1 0 0 1 0 0 1 0 0 1 0 0 1"
					"row14" "0 0 1 0 0 1 0 0 1 0 0 1 0 0 1 0 0 1 0 0 1 0 0 1 0 0 1 0 0 1 0 0 1 0 0 1 0 0 1 0 0 1 0 0 1 0 0 1 0 0 1"
					"row15" "0 0 1 0 0 1 0 0 1 0 0 1 0 0 1 0 0 1 0 0 1 0 0 1 0 0 1 0 0 1 0 0 1 0 0 1 0 0 1 0 0 1 0 0 1 0 0 1 0 0 1"
					"row16" "0 0 1 0 0 1 0 0 1 0 0 1 0 0 1 0 0 1 0 0 1 0 0 1 0 0 1 0 0 1 0 0 1 0 0 1 0 0 1 0 0 1 0 0 1 0 0 1 0 0 1"
				}
				alphas
				{
					"row0" "0 0 0 0 0 0 0 0 0 0 0 0 0 0 0 0 0"
					"row1" "0 0 0 0 0 0 0 0 0 0 0 0 0 0 0 0 0"
					"row2" "0 0 0 0 0 0 0 0 0 0 0 0 0 0 0 0 0"
					"row3" "0 0 0 0 0 0 0 0 0 0 0 0 0 0 0 0 0"
					"row4" "0 0 0 0 0 0 0 0 0 0 0 0 0 0 0 0 0"
					"row5" "0 0 0 0 0 0 0 0 0 0 0 0 0 0 0 0 0"
					"row6" "0 0 0 0 0 0 0 0 0 0 0 0 0 0 0 0 0"
					"row7" "0 0 0 0 0 0 0 0 0 0 0 0 0 0 0 0 0"
					"row8" "0 0 0 0 0 0 0 0 0 0 0 0 0 0 0 0 0"
					"row9" "0 0 0 0 0 0 0 0 0 0 0 0 0 0 0 0 0"
					"row10" "0 0 0 0 0 0 0 0 0 0 0 0 0 0 0 0 0"
					"row11" "0 0 0 0 0 0 0 0 0 0 0 0 0 0 0 0 0"
					"row12" "0 0 0 0 0 0 0 0 0 0 0 0 0 0 0 0 0"
					"row13" "0 0 0 0 0 0 0 0 0 0 0 0 0 0 0 0 0"
					"row14" "0 0 0 0 0 0 0 0 0 0 0 0 0 0 0 0 0"
					"row15" "0 0 0 0 0 0 0 0 0 0 0 0 0 0 0 0 0"
					"row16" "0 0 0 0 0 0 0 0 0 0 0 0 0 0 0 0 0"
				}
				triangle_tags
				{
					"row0" "0 0 0 0 0 0 0 0 0 0 0 0 0 0 0 0 0 0 0 0 0 0 0 0 0 0 0 0 0 0 0 0"
					"row1" "0 0 0 0 0 0 0 0 0 0 0 0 0 0 0 0 0 0 0 0 0 0 0 0 0 0 0 0 0 0 0 0"
					"row2" "0 0 0 0 0 0 0 0 0 0 0 0 0 0 0 0 0 0 0 0 0 0 0 0 0 0 0 0 0 0 0 0"
					"row3" "0 0 0 0 0 0 0 0 0 0 0 0 0 0 0 0 0 0 0 0 0 0 0 0 0 0 0 0 0 0 0 0"
					"row4" "0 0 0 0 0 0 0 0 0 0 0 0 0 0 0 0 0 0 0 0 0 0 0 0 0 0 0 0 0 0 0 0"
					"row5" "0 0 0 0 0 0 0 0 0 0 0 0 0 0 0 0 0 0 0 0 0 0 0 0 0 0 0 0 0 0 0 0"
					"row6" "0 0 0 0 0 0 0 0 0 0 0 0 0 0 0 0 0 0 0 0 0 0 0 0 0 0 0 0 0 0 0 0"
					"row7" "0 0 0 0 0 0 0 0 0 0 0 0 0 0 0 0 0 0 0 0 0 0 0 0 0 0 0 0 0 0 0 0"
					"row8" "0 0 0 0 0 0 0 0 0 0 0 0 0 0 0 0 0 0 0 0 0 0 0 0 0 0 0 0 0 0 0 0"
					"row9" "0 0 0 0 0 0 0 0 0 0 0 0 0 0 0 0 0 0 0 0 0 0 0 0 0 0 0 0 0 0 0 0"
					"row10" "0 0 0 0 0 0 0 0 0 0 0 0 0 0 0 0 0 0 0 0 0 0 0 0 0 0 0 0 0 0 0 0"
					"row11" "0 0 0 0 0 0 0 0 0 0 0 0 0 0 0 0 0 0 0 0 0 0 0 0 0 0 0 0 0 0 0 0"
					"row12" "0 0 0 0 0 0 0 0 0 0 0 0 0 0 0 0 0 0 0 0 0 0 0 0 0 0 0 0 0 0 0 0"
					"row13" "0 0 0 0 0 0 0 0 0 0 0 0 0 0 0 0 0 0 0 0 0 0 0 0 0 0 0 0 0 0 0 0"
					"row14" "0 0 0 0 0 0 0 0 0 0 0 0 0 0 0 0 0 0 0 0 0 0 0 0 0 0 0 0 0 0 0 0"
					"row15" "0 0 0 0 0 0 0 0 0 0 0 0 0 0 0 0 0 0 0 0 0 0 0 0 0 0 0 0 0 0 0 0"
				}
				allowed_verts
				{
					"10" "-1 -1 -1 -1 -1 -1 -1 -1 -1 -1"
				}
			}
		}
		side
		{
			"id" "2"
			"plane" "(0 453.7482 -64) (0 0 -64) (453.7482 0 -64)"
			"material" "CONCRETE/CONCRETEFLOOR005A"
			"uaxis" "[1 0 0 0] 0.25"
			"vaxis" "[0 -1 0 0] 0.25"
			"rotation" "0"
			"lightmapscale" "16"
			"smoothing_groups" "0"
		}
		side
		{
			"id" "3"
			"plane" "(0 0 -64) (0 453.7482 -64) (0 453.7482 0)"
			"material" "CONCRETE/CONCRETEFLOOR005A"
			"uaxis" "[0 1 0 0] 0.25"
			"vaxis" "[0 0 -1 0] 0.25"
			"rotation" "0"
			"lightmapscale" "16"
			"smoothing_groups" "0"
		}
		side
		{
			"id" "4"
			"plane" "(453.7482 453.7482 -64) (453.7482 0 -64) (453.7482 0 0)"
			"material" "CONCRETE/CONCRETEFLOOR005A"
			"uaxis" "[0 1 0 0] 0.25"
			"vaxis" "[0 0 -1 0] 0.25"
			"rotation" "0"
			"lightmapscale" "16"
			"smoothing_groups" "0"
		}
		side
		{
			"id" "5"
			"plane" "(0 453.7482 -64) (453.7482 453.7482 -64) (453.7482 453.7482 0)"
			"material" "CONCRETE/CONCRETEFLOOR005A"
			"uaxis" "[1 0 0 0] 0.25"
			"vaxis" "[0 0 -1 0] 0.25"
			"rotation" "0"
			"lightmapscale" "16"
			"smoothing_groups" "0"
		}
		side
		{
			"id" "6"
			"plane" "(453.7482 0 -64) (0 0 -64) (0 0 0)"
			"material" "CONCRETE/CONCRETEFLOOR005A"
			"uaxis" "[1 0 0 0] 0.25"
			"vaxis" "[0 0 -1 0] 0.25"
			"rotation" "0"
			"lightmapscale" "16"
			"smoothing_groups" "0"
		}
		editor
		{
			"color" "0 173 190"
			"visgroupshown" "1"
			"visgroupautoshown" "1"
		}
	}
}
cameras
{
	"activecamera" "-1"
}
cordon
{
	"mins" "(-1024 -1024 -1024)"
	"maxs" "(1024 1024 1024)"
	"active" "0"
}
