versioninfo
{
	"editorversion" "400"
	"editorbuild" "3576"
	"mapversion" "1"
	"formatversion" "100"
	"prefab" "0"
}
visgroups
{
}
viewsettings
{
	"bSnapToGrid" "1"
	"bShowGrid" "1"
	"bShowLogicalGrid" "0"
	"nGridSpacing" "64"
	"bShow3DGrid" "0"
}
world
{
	"id" "1"
	"mapversion" "1"
	"classname" "worldspawn"
	"skyname" "sky_day01_01"
	"maxpropscreenwidth" "-1"
	"detailvbsp" "detail.vbsp"
	"detailmaterial" "detail/detailsprites"
	solid
	{
		"id" "2"
		side
		{
			"id" "1"
			"plane" "(0 0 0) (0 907.4964 0) (907.4964 907.4964 0)"
			"material" "CONCRETE/CONCRETEFLOOR005A"
			"uaxis" "[1 0 0 0] 0.25"
			"vaxis" "[0 -1 0 0] 0.25"
			"rotation" "0"
			"lightmapscale" "16"
			"smoothing_groups" "0"
			dispinfo
			{
				"power" "4"
				"startposition" "[0 0 0]"
				"flags" "0"
				"elevation" "0"
				"subdiv" "0"
				normals
				{
					"row0" "0.7071068 0.7071068 0 0.6585342 0.7525508 0 0.600071 0.7999467 0 0.5301257 0.847919 0 0.447412 0.894328 0 0.3514079 0.9362224 0 0.2429154 0.9700475 0 0.1245089 0.9922185 0 0.00055463 0.9999999 0 -0.1234251 0.9923539 0 -0.2419024 0.9703006 0 -0.3504972 0.9365638 0 -0.446618 0.8947247 0 -0.529449 0.8483418 0 -0.5995027 0.8003727 0 -0.658061 0.7529646 0 -0.7067143 0.7074991 0"
					"row1" "0.7525508 0.6585342 0 0.7031103 0.7031103 0.1061683 0.6621168 0.7400288 0.118147 0.6084855 0.7825176 0.1319526 0.5362489 0.8311343 0.1471492 0.4388351 0.8837765 0.162366 0.3150486 0.9325551 0.1763108 0.1673591 0.9680676 0.1866441 0.00122814 0.9817406 0.1902206 -0.1650151 0.9684556 0.1867189 -0.3170678 0.9318941 0.1761858 -0.4405014 0.8829743 0.1622186 -0.5348932 0.8319809 0.1472991 -0.6074108 0.7833291 0.1320894 -0.6612587 0.7407767 0.1182664 -0.7037927 0.7024425 0.1060675 -0.7521885 0.658948 0"
					"row2" "0.7999467 0.600071 0 0.7400288 0.6621168 0.118147 0.4408042 0.4408042 0.7819101 0.3670257 0.3128198 0.8760342 0.289801 0.1668904 0.942424 0.2048035 0.03627528 0.9781306 0.1298902 -0.0622576 0.9895719 0.05925128 -0.1217812 0.9907869 0.00166178 -0.141476 0.9899403 -0.06251764 -0.1217569 0.9905891 -0.1331077 -0.0622308 0.9891459 -0.2079014 0.03625107 0.9774778 -0.2868988 0.1670428 0.9432845 -0.3695303 0.3124862 0.8750998 -0.4386854 0.4413137 0.7828138 -0.7393376 0.6628649 0.1182805 -0.7996269 0.6004971 0"
					"row3" "0.847919 0.5301257 0 0.7825176 0.6084855 0.1319526 0.3128198 0.3670257 0.8760342 -0.1578021 -0.1578021 0.9747805 -0.1518285 -0.2959196 0.9430693 -0.1282311 -0.3972819 0.9086935 -0.09013386 -0.4635007 0.8815005 -0.04657506 -0.500919 0.8642401 0.00068371 -0.5136081 0.8580247 0.04794925 -0.5008864 0.8641838 0.09152701 -0.4634416 0.881388 0.1268268 -0.3973542 0.908859 0.1532962 -0.2958517 0.9428531 0.1563084 -0.15784 0.9750149 -0.3101627 0.3673623 0.8768376 -0.7818558 0.6092976 0.1321287 -0.8476544 0.5305488 0"
					"row4" "0.894328 0.447412 0 0.8311343 0.5362489 0.1471492 0.1668904 0.289801 0.942424 -0.2959196 -0.1518285 0.9430693 -0.2468525 -0.2468525 0.9370847 -0.2042307 -0.3544399 0.9125032 -0.1434216 -0.4284189 0.8921252 -0.073844 -0.4717165 0.8786527 0.00042976 -0.4862031 0.8738458 0.07470345 -0.4716862 0.8785963 0.1442809 -0.4283648 0.8920126 0.2033828 -0.3545039 0.9126678 0.2477177 -0.2467962 0.9368712 0.294567 -0.1518949 0.9434819 -0.1699198 0.2896489 0.9419293 -0.8317121 0.5354152 0.1469204 -0.8941291 0.4478092 0"
					"row5" "0.9362224 0.3514079 0 0.8837765 0.4388351 0.162366 0.03627528 0.2048035 0.9781306 -0.3972819 -0.1282311 0.9086935 -0.3544399 -0.2042307 0.9125032 -0.220846 -0.220846 0.9499758 -0.1627773 -0.3162751 0.934598 -0.08612701 -0.3738223 0.9234928 0.00032703 -0.3930019 0.9195377 0.08548427 -0.3738431 0.9235441 0.1621394 -0.3163088 0.9346976 0.2202124 -0.2208785 0.9501154 0.353666 -0.2042947 0.9127892 0.3960787 -0.1283037 0.9092083 -0.03950724 0.2047784 0.9780108 -0.8833163 0.4396496 0.1626673 -0.936094 0.3517499 0"
					"row6" "0.9700475 0.2429154 0 0.9325551 0.3150486 0.1763108 -0.0622576 0.1298902 0.9895719 -0.4635007 -0.09013386 0.8815005 -0.4284189 -0.1434216 0.8921252 -0.3162751 -0.1627773 0.934598 -0.1586748 -0.1586748 0.9744971 -0.09060962 -0.2444594 0.9654167 0.00027713 -0.2732931 0.9619308 0.09006576 -0.2444715 0.9654646 0.1592221 -0.1586607 0.9744102 0.3156853 -0.1628111 0.9347916 0.429135 -0.1433677 0.8917898 0.4646026 -0.09007514 0.8809261 0.05899464 0.129916 0.9897683 -0.9322574 0.3157187 0.1766858 -0.9699839 0.2431692 0"
					"row7" "0.9922185 0.1245089 0 0.9680676 0.1673591 0.1866441 -0.1217812 0.05925128 0.9907869 -0.500919 -0.04657506 0.8642401 -0.4717165 -0.073844 0.8786527 -0.3738223 -0.08612701 0.9234928 -0.2444594 -0.09060962 0.9654167 -0.08270722 -0.08270722 0.993136 0.00025313 -0.1397615 0.9901852 0.08221011 -0.08271062 0.9931769 0.2439437 -0.09062176 0.9655461 0.3743873 -0.08610584 0.9232659 0.472388 -0.07381389 0.8782943 0.5019496 -0.04654291 0.8636436 0.1250565 0.05922697 0.9903803 -0.9682164 0.1669751 0.1862158 -0.9922014 0.124645 0"
					"row8" "0.9999999 0.00055463 0 0.9817406 0.00122814 0.1902206 -0.141476 0.00166178 0.9899403 -0.5136081 0.00068371 0.8580247 -0.4862031 0.00042976 0.8738458 -0.3930019 0.00032703 0.9195377 -0.2732931 0.00027713 0.9619308 -0.1397615 0.00025313 0.9901852 0.0002459 0.0002459 0.9999999 0.1402579 0.00025311 0.990115 0.2738058 0.00027709 0.961785 0.3935547 0.00032695 0.9193011 0.486859 0.00042958 0.8734804 0.5146137 0.00068323 0.8574219 0.1447309 0.00166099 0.9894696 -0.9816514 0.00123111 0.1906804 -0.9999999 0.00055524 0"
					"row9" "0.9923539 -0.1234251 0 0.9684556 -0.1650151 0.1867189 -0.1217569 -0.06251764 0.9905891 -0.5008864 0.04794925 0.8641838 -0.4716862 0.07470345 0.8785963 -0.3738431 0.08548427 0.9235441 -0.2444715 0.09006576 0.9654646 -0.08271062 0.08221011 0.9931769 0.00025311 0.1402579 0.990115 0.08221351 0.08221351 0.9932179 0.2439558 0.09007782 0.9655939 0.3744081 0.08546326 0.9233172 0.4723577 0.07467299 0.8782381 0.501917 0.04791616 0.8635875 0.1250315 -0.06249199 0.9901828 -0.9686026 -0.1646362 0.18629 -0.9923371 -0.12356 0"
					"row10" "0.9703006 -0.2419024 0 0.9318941 -0.3170678 0.1761858 -0.0622308 -0.1331077 0.9891459 -0.4634416 0.09152701 0.881388 -0.4283648 0.1442809 0.8920126 -0.3163088 0.1621394 0.9346976 -0.1586607 0.1592221 0.9744102 -0.09062176 0.2439437 0.9655461 0.00027709 0.2738058 0.961785 0.09007782 0.2439558 0.9655939 0.1592079 0.1592079 0.9743232 0.3157189 0.1621729 0.9348912 0.4290808 0.1442266 0.8916773 0.4645434 0.09146739 0.8808139 0.05896924 -0.1331341 0.9893422 -0.9315938 -0.3177413 0.1765601 -0.9702375 -0.2421553 0"
					"row11" "0.9365638 -0.3504972 0 0.8829743 -0.4405014 0.1622186 0.03625107 -0.2079014 0.9774778 -0.3973542 0.1268268 0.908859 -0.3545039 0.2033828 0.9126678 -0.2208785 0.2202124 0.9501154 -0.1628111 0.3156853 0.9347916 -0.08610584 0.3743873 0.9232659 0.00032695 0.3935547 0.9193011 0.08546326 0.3744081 0.9233172 0.1621729 0.3157189 0.9348912 0.2202448 0.2202448 0.950255 0.3537298 0.2034465 0.9129539 0.3961509 0.1268987 0.9093741 -0.03948088 -0.2078759 0.9773581 -0.8825114 -0.4413174 0.1625191 -0.936436 -0.3508385 0"
					"row12" "0.8947247 -0.446618 0 0.8319809 -0.5348932 0.1472991 0.1670428 -0.2868988 0.9432845 -0.2958517 0.1532962 0.9428531 -0.2467962 0.2477177 0.9368712 -0.2042947 0.353666 0.9127892 -0.1433677 0.429135 0.8917898 -0.07381389 0.472388 0.8782943 0.00042958 0.486859 0.8734804 0.07467299 0.4723577 0.8782381 0.1442266 0.4290808 0.8916773 0.2034465 0.3537298 0.9129539 0.2476613 0.2476613 0.9366578 0.2944994 0.1533633 0.9432656 -0.1700748 -0.286748 0.9427885 -0.8325567 -0.5340599 0.1470696 -0.8945265 -0.4470149 0"
					"row13" "0.8483418 -0.529449 0 0.7833291 -0.6074108 0.1320894 0.3124862 -0.3695303 0.8750998 -0.15784 0.1563084 0.9750149 -0.1518949 0.294567 0.9434819 -0.1283037 0.3960787 0.9092083 -0.09007514 0.4646026 0.8809261 -0.04654291 0.5019496 0.8636436 0.00068323 0.5146137 0.8574219 0.04791616 0.501917 0.8635875 0.09146739 0.4645434 0.8808139 0.1268987 0.3961509 0.9093741 0.1533633 0.2944994 0.9432656 0.156346 0.156346 0.9752496 -0.3098313 -0.3698684 0.8759006 -0.7826687 -0.6082231 0.132266 -0.8480777 -0.5298719 0"
					"row14" "0.8003727 -0.5995027 0 0.7407767 -0.6612587 0.1182664 0.4413137 -0.4386854 0.7828138 0.3673623 -0.3101627 0.8768376 0.2896489 -0.1699198 0.9419293 0.2047784 -0.03950724 0.9780108 0.129916 0.05899464 0.9897683 0.05922697 0.1250565 0.9903803 0.00166099 0.1447309 0.9894696 -0.06249199 0.1250315 0.9901828 -0.1331341 0.05896924 0.9893422 -0.2078759 -0.03948088 0.9773581 -0.286748 -0.1700748 0.9427885 -0.3698684 -0.3098313 0.8759006 -0.4391935 -0.4391935 0.7837206 -0.7400864 -0.6620073 0.1184003 -0.8000534 -0.5999289 0"
					"row15" "0.7529646 -0.658061 0 0.7024425 -0.7037927 0.1060675 0.6628649 -0.7393376 0.1182805 0.6092976 -0.7818558 0.1321287 0.5354152 -0.8317121 0.1469204 0.4396496 -0.8833163 0.1626673 0.3157187 -0.9322574 0.1766858 0.1669751 -0.9682164 0.1862158 0.00123111 -0.9816514 0.1906804 -0.1646362 -0.9686026 0.18629 -0.3177413 -0.9315938 0.1765601 -0.4413174 -0.8825114 0.1625191 -0.5340599 -0.8325567 0.1470696 -0.6082231 -0.7826687 0.132266 -0.6620073 -0.7400864 0.1184003 -0.7031255 -0.7031255 0.1059669 -0.7526026 -0.6584751 0"
					"row16" "0.7074991 -0.7067143 0 0.658948 -0.7521885 0 0.6004971 -0.7996269 0 0.5305488 -0.8476544 0 0.4478092 -0.8941291 0 0.3517499 -0.936094 0 0.2431692 -0.9699839 0 0.124645 -0.9922014 0 0.00055524 -0.9999999 0 -0.12356 -0.9923371 0 -0.2421553 -0.9702375 0 -0.3508385 -0.936436 0 -0.4470149 -0.8945265 0 -0.5298719 -0.8480777 0 -0.5999289 -0.8000534 0 -0.6584751 -0.7526026 0 -0.7071068 -0.7071068 0"
				}
				distances
				{
					"row0" "642.053 603.2815 567.5378 535.4285 507.6437 484.9275 468.0183 457.5605 454.0001 457.4981 467.8962 484.7507 507.4186 535.1617 567.2357 602.95 641.697"
					"row1" "603.2815 367.3413 330.0973 295.5607 265.0372 240.1981 221.2003 208.9539 205.0251 208.8702 221.3572 240.4164 264.7675 295.2545 329.764 367.6905 602.9026"
					"row2" "567.5378 330.0973 191.8379 171.2262 159.164 153.3537 151.5807 151.3948 151.5243 151.425 151.646 153.4562 159.0188 171.409 191.6164 329.7248 567.135"
					"row3" "535.4285 295.5607 171.2262 324.1755 335.0761 347.752 358.4797 365.6391 368.2878 365.6629 358.5254 347.6887 335.153 324.0976 171.0693 295.1668 535.0015"
					"row4" "507.6437 265.0372 159.164 335.0761 546.3754 561.0939 573.9105 582.7103 585.9158 582.7477 573.9829 560.9927 546.4999 334.9296 159.2476 265.4499 507.1934"
					"row5" "484.9275 240.1981 153.3537 347.752 561.0939 745.2822 757.5449 766.6546 769.9521 766.612 757.4642 745.1727 560.9182 347.5551 153.3725 239.7532 484.4561"
					"row6" "468.0183 221.2003 151.5807 358.4797 573.9105 757.5449 896.8729 905.3085 908.5893 905.2637 896.9529 757.3881 574.1263 358.7134 151.5506 220.7308 467.5298"
					"row7" "457.5605 208.9539 151.3948 365.6391 582.7103 766.6546 905.3085 991.8078 994.7634 991.7669 905.1873 766.843 582.9481 365.8917 151.457 209.4345 457.0608"
					"row8" "454.0001 205.0251 151.5243 368.2878 585.9158 769.9521 908.5893 994.7634 1024 994.8339 908.7271 770.1503 586.1608 368.5467 151.5964 204.5307 453.4965"
					"row9" "457.4981 208.8702 151.425 365.6629 582.7477 766.612 905.2637 991.7669 994.8339 991.726 905.1425 766.8004 582.9854 365.9154 151.4872 209.351 456.9983"
					"row10" "467.8962 221.3572 151.646 358.5254 573.9829 757.4642 896.9529 905.1873 908.7271 905.1425 897.033 757.3074 574.1988 358.7591 151.6159 220.888 467.4076"
					"row11" "484.7507 240.4164 153.4562 347.6887 560.9927 745.1727 757.3881 766.843 770.1503 766.8004 757.3074 745.0632 560.817 347.4918 153.475 239.9718 484.2791"
					"row12" "507.4186 264.7675 159.0188 335.153 546.4999 560.9182 574.1263 582.9481 586.1608 582.9854 574.1988 560.817 546.6244 335.0064 159.1025 265.1806 506.9681"
					"row13" "535.1617 295.2545 171.409 324.0976 334.9296 347.5551 358.7134 365.8917 368.5467 365.9154 358.7591 347.4918 335.0064 324.0196 171.2523 294.8603 534.7345"
					"row14" "567.2357 329.764 191.6164 171.0693 159.2476 153.3725 151.5506 151.457 151.5964 151.4872 151.6159 153.475 159.1025 171.2523 191.3947 329.3911 566.8327"
					"row15" "602.95 367.6905 329.7248 295.1668 265.4499 239.7532 220.7308 209.4345 204.5307 209.351 220.888 239.9718 265.1806 294.8603 329.3911 368.0394 602.5709"
					"row16" "641.697 602.9026 567.135 535.0015 507.1934 484.4561 467.5298 457.0608 453.4965 456.9983 467.4076 484.2791 506.9681 534.7345 566.8327 602.5709 641.3408"
				}
				offsets
				{
					"row0" "0 0 0 0 0 0 0 0 0 0 0 0 0 0 0 0 0 0 0 0 0 0 0 0 0 0 0 0 0 0 0 0 0 0 0 0 0 0 0 0 0 0 0 0 0 0 0 0 0 0 0"
					"row1" "0 0 0 0 0 0 0 0 0 0 0 0 0 0 0 0 0 0 0 0 0 0 0 0 0 0 0 0 0 0 0 0 0 0 0 0 0 0 0 0 0 0 0 0 0 0 0 0 0 0 0"
					"row2" "0 0 0 0 0 0 0 0 0 0 0 0 0 0 0 0 0 0 0 0 0 0 0 0 0 0 0 0 0 0 0 0 0 0 0 0 0 0 0 0 0 0 0 0 0 0 0 0 0 0 0"
					"row3" "0 0 0 0 0 0 0 0 0 0 0 0 0 0 0 0 0 0 0 0 0 0 0 0 0 0 0 0 0 0 0 0 0 0 0 0 0 0 0 0 0 0 0 0 0 0 0 0 0 0 0"
					"row4" "0 0 0 0 0 0 0 0 0 0 0 0 0 0 0 0 0 0 0 0 0 0 0 0 0 0 0 0 0 0 0 0 0 0 0 0 0 0 0 0 0 0 0 0 0 0 0 0 0 0 0"
					"row5" "0 0 0 0 0 0 0 0 0 0 0 0 0 0 0 0 0 0 0 0 0 0 0 0 0 0 0 0 0 0 0 0 0 0 0 0 0 0 0 0 0 0 0 0 0 0 0 0 0 0 0"
					"row6" "0 0 0 0 0 0 0 0 0 0 0 0 0 0 0 0 0 0 0 0 0 0 0 0 0 0 0 0 0 0 0 0 0 0 0 0 0 0 0 0 0 0 0 0 0 0 0 0 0 0 0"
					"row7" "0 0 0 0 0 0 0 0 0 0 0 0 0 0 0 0 0 0 0 0 0 0 0 0 0 0 0 0 0 0 0 0 0 0 0 0 0 0 0 0 0 0 0 0 0 0 0 0 0 0 0"
					"row8" "0 0 0 0 0 0 0 0 0 0 0 0 0 0 0 0 0 0 0 0 0 0 0 0 0 0 0 0 0 0 0 0 0 0 0 0 0 0 0 0 0 0 0 0 0 0 0 0 0 0 0"
					"row9" "0 0 0 0 0 0 0 0 0 0 0 0 0 0 0 0 0 0 0 0 0 0 0 0 0 0 0 0 0 0 0 0 0 0 0 0 0 0 0 0 0 0 0 0 0 0 0 0 0 0 0"
					"row10" "0 0 0 0 0 0 0 0 0 0 0 0 0 0 0 0 0 0 0 0 0 0 0 0 0 0 0 0 0 0 0 0 0 0 0 0 0 0 0 0 0 0 0 0 0 0 0 0 0 0 0"
					"row11" "0 0 0 0 0 0 0 0 0 0 0 0 0 0 0 0 0 0 0 0 0 0 0 0 0 0 0 0 0 0 0 0 0 0 0 0 0 0 0 0 0 0 0 0 0 0 0 0 0 0 0"
					"row12" "0 0 0 0 0 0 0 0 0 0 0 0 0 0 0 0 0 0 0 0 0 0 0 0 0 0 0 0 0 0 0 0 0 0 0 0 0 0 0 0 0 0 0 0 0 0 0 0 0 0 0"
					"row13" "0 0 0 0 0 0 0 0 0 0 0 0 0 0 0 0 0 0 0 0 0 0 0 0 0 0 0 0 0 0 0 0 0 0 0 0 0 0 0 0 0 0 0 0 0 0 0 0 0 0 0"
					"row14" "0 0 0 0 0 0 0 0 0 0 0 0 0 0 0 0 0 0 0 0 0 0 0 0 0 0 0 0 0 0 0 0 0 0 0 0 0 0 0 0 0 0 0 0 0 0 0 0 0 0 0"
					"row15" "0 0 0 0 0 0 0 0 0 0 0 0 0 0 0 0 0 0 0 0 0 0 0 0 0 0 0 0 0 0 0 0 0 0 0 0 0 0 0 0 0 0 0 0 0 0 0 0 0 0 0"
					"row16" "0 0 0 0 0 0 0 0 0 0 0 0 0 0 0 0 0 0 0 0 0 0 0 0 0 0 0 0 0 0 0 0 0 0 0 0 0 0 0 0 0 0 0 0 0 0 0 0 0 0 0"
				}
				offset_normals
				{
					"row0" "0 0 1 0 0 1 0 0 1 0 0 1 0 0 1 0 0 1 0 0 1 0 0 1 0 0 1 0 0 1 0 0 1 0 0 1 0 0 1 0 0 1 0 0 1 0 0 1 0 0 1"
					"row1" "0 0 1 0 0 1 0 0 1 0 0 1 0 0 1 0 0 1 0 0 1 0 0 1 0 0 1 0 0 1 0 0 1 0 0 1 0 0 1 0 0 1 0 0 1 0 0 1 0 0 1"
					"row2" "0 0 1 0 0 1 0 0 1 0 0 1 0 0 1 0 0 1 0 0 1 0 0 1 0 0 1 0 0 1 0 0 1 0 0 1 0 0 1 0 0 1 0 0 1 0 0 1 0 0 1"
					"row3" "0 0 1 0 0 1 0 0 1 0 0 1 0 0 1 0 0 1 0 0 1 0 0 1 0 0 1 0 0 1 0 0 1 0 0 1 0 0 1 0 0 1 0 0 1 0 0 1 0 0 1"
					"row4" "0 0 1 0 0 1 0 0 1 0 0 1 0 0 1 0 0 1 0 0 1 0 0 1 0 0 1 0 0 1 0 0 1 0 0 1 0 0 1 0 0 1 0 0 1 0 0 1 0 0 1"
					"row5" "0 0 1 0 0 1 0 0 1 0 0 1 0 0 1 0 0 1 0 0 1 0 0 1 0 0 1 0 0 1 0 0 1 0 0 1 0 0 1 0 0 1 0 0 1 0 0 1 0 0 1"
					"row6" "0 0 1 0 0 1 0 0 1 0 0 1 0 0 1 0 0 1 0 0 1 0 0 1 0 0 1 0 0 1 0 0 1 0 0 1 0 0 1 0 0 1 0 0 1 0 0 1 0 0 1"
					"row7" "0 0 1 0 0 1 0 0 1 0 0 1 0 0 1 0 0 1 0 0 1 0 0 1 0 0 1 0 0 1 0 0 1 0 0 1 0 0 1 0 0 1 0 0 1 0 0 1 0 0 1"
					"row8" "0 0 1 0 0 1 0 0 1 0 0 1 0 0 1 0 0 1 0 0 1 0 0 1 0 0 1 0 0 1 0 0 1 0 0 1 0 0 1 0 0 1 0 0 1 0 0 1 0 0 1"
					"row9" "0 0 1 0 0 1 0 0 1 0 0 1 0 0 1 0 0 1 0 0 1 0 0 1 0 0 1 0 0 1 0 0 1 0 0 1 0 0 1 0 0 1 0 0 1 0 0 1 0 0 1"
					"row10" "0 0 1 0 0 1 0 0 1 0 0 1 0 0 1 0 0 1 0 0 1 0 0 1 0 0 1 0 0 1 0 0 1 0 0 1 0 0 1 0 0 1 0 0 1 0 0 1 0 0 1"
					"row11" "0 0 1 0 0 1 0 0 1 0 0 1 0 0 1 0 0 1 0 0 1 0 0 1 0 0 1 0 0 1 0 0 1 0 0 1 0 0 1 0 0 1 0 0 1 0 0 1 0 0 1"
					"row12" "0 0 1 0 0 1 0 0 1 0 0 1 0 0 1 0 0 1 0 0 1 0 0 1 0 0 1 0 0 1 0 0 1 0 0 1 0 0 1 0 0 1 0 0 1 0 0 1 0 0 1"
					"row13" "0 0 1 0 0 1 0 0 1 0 0 1 0 0 1 0 0 1 0 0 1 0 0 1 0 0 1 0 0 1 0 0 1 0 0 1 0 0 1 0 0 1 0 0 1 0 0 1 0 0 1"
					"row14" "0 0 1 0 0 1 0 0 1 0 0 1 0 0 1 0 0 1 0 0 1 0 0 1 0 0 1 0 0 1 0 0 1 0 0 1 0 0 1 0 0 1 0 0 1 0 0 1 0 0 1"
					"row15" "0 0 1 0 0 1 0 0 1 0 0 1 0 0 1 0 0 1 0 0 1 0 0 1 0 0 1 0 0 1 0 0 1 0 0 1 0 0 1 0 0 1 0 0 1 0 0 1 0 0 1"
					"row16" "0 0 1 0 0 1 0 0 1 0 0 1 0 0 1 0 0 1 0 0 1 0 0 1 0 0 1 0 0 1 0 0 1 0 0 1 0 0 1 0 0 1 0 0 1 0 0 1 0 0 1"
				}
				alphas
				{
					"row0" "0 0 0 0 0 0 0 0 0 0 0 0 0 0 0 0 0"
					"row1" "0 0 0 0 0 0 0 0 0 0 0 0 0 0 0 0 0"
					"row2" "0 0 0 0 0 0 0 0 0 0 0 0 0 0 0 0 0"
					"row3" "0 0 0 0 0 0 0 0 0 0 0 0 0 0 0 0 0"
					"row4" "0 0 0 0 0 0 0 0 0 0 0 0 0 0 0 0 0"
					"row5" "0 0 0 0 0 0 0 0 0 0 0 0 0 0 0 0 0"
					"row6" "0 0 0 0 0 0 0 0 0 0 0 0 0 0 0 0 0"
					"row7" "0 0 0 0 0 0 0 0 0 0 0 0 0 0 0 0 0"
					"row8" "0 0 0 0 0 0 0 0 0 0 0 0 0 0 0 0 0"
					"row9" "0 0 0 0 0 0 0 0 0 0 0 0 0 0 0 0 0"
					"row10" "0 0 0 0 0 0 0 0 0 0 0 0 0 0 0 0 0"
					"row11" "0 0 0 0 0 0 0 0 0 0 0 0 0 0 0 0 0"
					"row12" "0 0 0 0 0 0 0 0 0 0 0 0 0 0 0 0 0"
					"row13" "0 0 0 0 0 0 0 0 0 0 0 0 0 0 0 0 0"
					"row14" "0 0 0 0 0 0 0 0 0 0 0 0 0 0 0 0 0"
					"row15" "0 0 0 0 0 0 0 0 0 0 0 0 0 0 0 0 0"
					"row16" "0 0 0 0 0 0 0 0 0 0 0 0 0 0 0 0 0"
				}
				triangle_tags
				{
					"row0" "0 0 0 0 0 0 0 0 0 0 0 0 0 0 0 0 0 0 0 0 0 0 0 0 0 0 0 0 0 0 0 0"
					"row1" "0 0 0 0 0 0 0 0 0 0 0 0 0 0 0 0 0 0 0 0 0 0 0 0 0 0 0 0 0 0 0 0"
					"row2" "0 0 0 0 0 0 0 0 0 0 0 0 0 0 0 0 0 0 0 0 0 0 0 0 0 0 0 0 0 0 0 0"
					"row3" "0 0 0 0 0 0 0 0 0 0 0 0 0 0 0 0 0 0 0 0 0 0 0 0 0 0 0 0 0 0 0 0"
					"row4" "0 0 0 0 0 0 0 0 0 0 0 0 0 0 0 0 0 0 0 0 0 0 0 0 0 0 0 0 0 0 0 0"
					"row5" "0 0 0 0 0 0 0 0 0 0 0 0 0 0 0 0 0 0 0 0 0 0 0 0 0 0 0 0 0 0 0 0"
					"row6" "0 0 0 0 0 0 0 0 0 0 0 0 0 0 0 0 0 0 0 0 0 0 0 0 0 0 0 0 0 0 0 0"
					"row7" "0 0 0 0 0 0 0 0 0 0 0 0 0 0 0 0 0 0 0 0 0 0 0 0 0 0 0 0 0 0 0 0"
					"row8" "0 0 0 0 0 0 0 0 0 0 0 0 0 0 0 0 0 0 0 0 0 0 0 0 0 0 0 0 0 0 0 0"
					"row9" "0 0 0 0 0 0 0 0 0 0 0 0 0 0 0 0 0 0 0 0 0 0 0 0 0 0 0 0 0 0 0 0"
					"row10" "0 0 0 0 0 0 0 0 0 0 0 0 0 0 0 0 0 0 0 0 0 0 0 0 0 0 0 0 0 0 0 0"
					"row11" "0 0 0 0 0 0 0 0 0 0 0 0 0 0 0 0 0 0 0 0 0 0 0 0 0 0 0 0 0 0 0 0"
					"row12" "0 0 0 0 0 0 0 0 0 0 0 0 0 0 0 0 0 0 0 0 0 0 0 0 0 0 0 0 0 0 0 0"
					"row13" "0 0 0 0 0 0 0 0 0 0 0 0 0 0 0 0 0 0 0 0 0 0 0 0 0 0 0 0 0 0 0 0"
					"row14" "0 0 0 0 0 0 0 0 0 0 0 0 0 0 0 0 0 0 0 0 0 0 0 0 0 0 0 0 0 0 0 0"
					"row15" "0 0 0 0 0 0 0 0 0 0 0 0 0 0 0 0 0 0 0 0 0 0 0 0 0 0 0 0 0 0 0 0"
				}
				allowed_verts
				{
					"10" "-1 -1 -1 -1 -1 -1 -1 -1 -1 -1"
				}
			}
		}
		side
		{
			"id" "2"
			"plane" "(0 907.4964 -64) (0 0 -64) (907.4964 0 -64)"
			"material" "CONCRETE/CONCRETEFLOOR005A"
			"uaxis" "[1 0 0 0] 0.25"
			"vaxis" "[0 -1 0 0] 0.25"
			"rotation" "0"
			"lightmapscale" "16"
			"smoothing_groups" "0"
		}
		side
		{
			"id" "3"
			"plane" "(0 0 -64) (0 907.4964 -64) (0 907.4964 0)"
			"material" "CONCRETE/CONCRETEFLOOR005A"
			"uaxis" "[0 1 0 0] 0.25"
			"vaxis" "[0 0 -1 0] 0.25"
			"rotation" "0"
			"lightmapscale" "16"
			"smoothing_groups" "0"
		}
		side
		{
			"id" "4"
			"plane" "(907.4964 907.4964 -64) (907.4964 0 -64) (907.4964 0 0)"
			"material" "CONCRETE/CONCRETEFLOOR005A"
			"uaxis" "[0 1 0 0] 0.25"
			"vaxis" "[0 0 -1 0] 0.25"
			"rotation" "0"
			"lightmapscale" "16"
			"smoothing_groups" "0"
		}
		side
		{
			"id" "5"
			"plane" "(0 907.4964 -64) (907.4964 907.4964 -64) (907.4964 907.4964 0)"
			"material" "CONCRETE/CONCRETEFLOOR005A"
			"uaxis" "[1 0 0 0] 0.25"
			"vaxis" "[0 0 -1 0] 0.25"
			"rotation" "0"
			"lightmapscale" "16"
			"smoothing_groups" "0"
		}
		side
		{
			"id" "6"
			"plane" "(907.4964 0 -64) (0 0 -64) (0 0 0)"
			"material" "CONCRETE/CONCRETEFLOOR005A"
			"uaxis" "[1 0 0 0] 0.25"
			"vaxis" "[0 0 -1 0] 0.25"
			"rotation" "0"
			"lightmapscale" "16"
			"smoothing_groups" "0"
		}
		editor
		{
			"color" "0 173 190"
			"visgroupshown" "1"
			"visgroupautoshown" "1"
		}
	}
}
cameras
{
	"activecamera" "-1"
}
cordon
{
	"mins" "(-1024 -1024 -1024)"
	"maxs" "(1024 1024 1024)"
	"active" "0"
}
