versioninfo
{
	"editorversion" "400"
	"editorbuild" "3576"
	"mapversion" "1"
	"formatversion" "100"
	"prefab" "0"
}
visgroups
{
}
viewsettings
{
	"bSnapToGrid" "1"
	"bShowGrid" "1"
	"bShowLogicalGrid" "0"
	"nGridSpacing" "64"
	"bShow3DGrid" "0"
}
world
{
	"id" "1"
	"mapversion" "1"
	"classname" "worldspawn"
	"skyname" "sky_day01_01"
	"maxpropscreenwidth" "-1"
	"detailvbsp" "detail.vbsp"
	"detailmaterial" "detail/detailsprites"
	solid
	{
		"id" "2"
		side
		{
			"id" "1"
			"plane" "(0 0 0) (0 226.8741 0) (226.8741 226.8741 0)"
			"material" "CONCRETE/CONCRETEFLOOR005A"
			"uaxis" "[1 0 0 0] 0.25"
			"vaxis" "[0 -1 0 0] 0.25"
			"rotation" "0"
			"lightmapscale" "16"
			"smoothing_groups" "0"
			dispinfo
			{
				"power" "3"
				"startposition" "[0 0 0]"
				"flags" "0"
				"elevation" "0"
				"subdiv" "0"
				normals
				{
					"row0" "0.3744391 0.3744391 0.8482869 0.2895176 0.3865218 0.87566 0.1971786 0.3958883 0.8968797 0.09928958 0.4018207 0.9103195 -0.00156184 0.4038157 0.914839 -0.1023657 0.4016948 0.9100343 -0.2001192 0.3956476 0.8963344 -0.2922533 0.3861859 0.8748991 -0.3769254 0.3740321 0.8473648"
					"row1" "0.3865218 0.2895176 0.87566 0.09342371 0.09342371 0.9912336 0.0514218 0.03026897 0.9982182 0.02246887 -0.01076954 0.9996896 -0.00199506 -0.02446415 0.9996988 -0.02189444 -0.01076968 0.9997023 -0.05084945 0.03026986 0.9982475 -0.09734328 0.09338847 0.9908596 -0.3890606 0.2891823 0.8746459"
					"row2" "0.3958883 0.1971786 0.8968797 0.03026897 0.0514218 0.9982182 -0.2468525 -0.2468525 0.9370847 -0.1467226 -0.429623 0.8910087 -0.00297873 -0.488801 0.8723902 0.1407611 -0.4299991 0.8917887 0.2477177 -0.2467962 0.9368712 -0.0296956 0.05142269 0.9982354 -0.398466 0.196939 0.89579"
					"row3" "0.4018207 0.09928958 0.9103195 -0.01076954 0.02246887 0.9996896 -0.429623 -0.1467226 0.8910087 -0.5724316 -0.5724316 0.587064 -0.00604752 -0.8589794 0.5119744 0.5629956 -0.5769746 0.5917231 0.4303372 -0.1466673 0.8906731 0.01134421 0.02246873 0.9996831 -0.4044223 0.09916534 0.9091803"
					"row4" "0.4038157 -0.00156184 0.914839 -0.02446415 -0.00199506 0.9996988 -0.488801 -0.00297873 0.8723902 -0.8589794 -0.00604752 0.5119744 -0.7071068 -0.7071068 0 0.8594351 -0.00603848 0.5112092 0.4842471 -0.00298739 0.8749261 0.02503853 -0.00199503 0.9996845 -0.406425 -0.00155986 0.9136828"
					"row5" "0.4016948 -0.1023657 0.9100343 -0.01076968 -0.02189444 0.9997023 -0.4299991 0.1407611 0.8917887 -0.5769746 0.5629956 0.5917231 -0.00603848 0.8594351 0.5112092 0.5675358 0.5675358 0.596495 0.4307136 0.140708 0.8914522 0.01134435 -0.0218943 0.9996959 -0.4042959 -0.1022377 0.9088963"
					"row6" "0.3956476 -0.2001192 0.8963344 0.03026986 -0.05084945 0.9982475 -0.2467962 0.2477177 0.9368712 -0.1466673 0.4303372 0.8906731 -0.00298739 0.4842471 0.8749261 0.140708 0.4307136 0.8914522 0.2476613 0.2476613 0.9366578 -0.02969647 -0.05085032 0.9982647 -0.3982243 -0.1998764 0.8952469"
					"row7" "0.3861859 -0.2922533 0.8748991 0.09338847 -0.09734328 0.9908596 0.05142269 -0.0296956 0.9982354 0.02246873 0.01134421 0.9996831 -0.00199503 0.02503853 0.9996845 -0.0218943 0.01134435 0.9996959 -0.05085032 -0.02969647 0.9982647 -0.09730659 -0.09730659 0.9904861 -0.3887233 -0.2919154 0.8738876"
					"row8" "0.3740321 -0.3769254 0.8473648 0.2891823 -0.3890606 0.8746459 0.196939 -0.398466 0.89579 0.09916534 -0.4044223 0.9091803 -0.00155986 -0.406425 0.9136828 -0.1022377 -0.4042959 0.9088963 -0.1998764 -0.3982243 0.8952469 -0.2919154 -0.3887233 0.8738876 -0.3765166 -0.3765166 0.8464458"
				}
				distances
				{
					"row0" "301.7847 292.3509 285.4341 281.2199 279.8307 281.3081 285.6077 292.6052 302.1131"
					"row1" "292.3509 220.9368 219.3909 219.068 219.066 219.0652 219.3845 221.0202 292.6899"
					"row2" "285.4341 219.3909 136.5938 143.6574 146.7233 143.5318 136.625 219.3871 285.7813"
					"row3" "281.2199 219.068 143.6574 63.0255 72.26924 62.52925 143.7115 219.0694 281.5723"
					"row4" "279.8307 219.066 146.7233 72.26924 0.6180819 72.37741 146.2981 219.0691 280.1848"
					"row5" "281.3081 219.0652 143.5318 62.52925 72.37741 62.02902 143.5859 219.0666 281.6603"
					"row6" "285.6077 219.3845 136.625 143.7115 146.2981 143.5859 136.6561 219.3807 285.9547"
					"row7" "292.6052 221.0202 219.3871 219.0694 219.0691 219.0666 219.3807 221.1035 292.9438"
					"row8" "302.1131 292.6899 285.7813 281.5723 280.1848 281.6603 285.9547 292.9438 302.4411"
				}
				offsets
				{
					"row0" "0 0 0 0 0 0 0 0 0 0 0 0 0 0 0 0 0 0 0 0 0 0 0 0 0 0 0"
					"row1" "0 0 0 0 0 0 0 0 0 0 0 0 0 0 0 0 0 0 0 0 0 0 0 0 0 0 0"
					"row2" "0 0 0 0 0 0 0 0 0 0 0 0 0 0 0 0 0 0 0 0 0 0 0 0 0 0 0"
					"row3" "0 0 0 0 0 0 0 0 0 0 0 0 0 0 0 0 0 0 0 0 0 0 0 0 0 0 0"
					"row4" "0 0 0 0 0 0 0 0 0 0 0 0 0 0 0 0 0 0 0 0 0 0 0 0 0 0 0"
					"row5" "0 0 0 0 0 0 0 0 0 0 0 0 0 0 0 0 0 0 0 0 0 0 0 0 0 0 0"
					"row6" "0 0 0 0 0 0 0 0 0 0 0 0 0 0 0 0 0 0 0 0 0 0 0 0 0 0 0"
					"row7" "0 0 0 0 0 0 0 0 0 0 0 0 0 0 0 0 0 0 0 0 0 0 0 0 0 0 0"
					"row8" "0 0 0 0 0 0 0 0 0 0 0 0 0 0 0 0 0 0 0 0 0 0 0 0 0 0 0"
				}
				offset_normals
				{
					"row0" "0 0 1 0 0 1 0 0 1 0 0 1 0 0 1 0 0 1 0 0 1 0 0 1 0 0 1"
					"row1" "0 0 1 0 0 1 0 0 1 0 0 1 0 0 1 0 0 1 0 0 1 0 0 1 0 0 1"
					"row2" "0 0 1 0 0 1 0 0 1 0 0 1 0 0 1 0 0 1 0 0 1 0 0 1 0 0 1"
					"row3" "0 0 1 0 0 1 0 0 1 0 0 1 0 0 1 0 0 1 0 0 1 0 0 1 0 0 1"
					"row4" "0 0 1 0 0 1 0 0 1 0 0 1 0 0 1 0 0 1 0 0 1 0 0 1 0 0 1"
					"row5" "0 0 1 0 0 1 0 0 1 0 0 1 0 0 1 0 0 1 0 0 1 0 0 1 0 0 1"
					"row6" "0 0 1 0 0 1 0 0 1 0 0 1 0 0 1 0 0 1 0 0 1 0 0 1 0 0 1"
					"row7" "0 0 1 0 0 1 0 0 1 0 0 1 0 0 1 0 0 1 0 0 1 0 0 1 0 0 1"
					"row8" "0 0 1 0 0 1 0 0 1 0 0 1 0 0 1 0 0 1 0 0 1 0 0 1 0 0 1"
				}
				alphas
				{
					"row0" "0 0 0 0 0 0 0 0 0"
					"row1" "0 0 0 0 0 0 0 0 0"
					"row2" "0 0 0 0 0 0 0 0 0"
					"row3" "0 0 0 0 0 0 0 0 0"
					"row4" "0 0 0 0 0 0 0 0 0"
					"row5" "0 0 0 0 0 0 0 0 0"
					"row6" "0 0 0 0 0 0 0 0 0"
					"row7" "0 0 0 0 0 0 0 0 0"
					"row8" "0 0 0 0 0 0 0 0 0"
				}
				triangle_tags
				{
					"row0" "0 0 0 0 0 0 0 0 0 0 0 0 0 0 0 0"
					"row1" "0 0 0 0 0 0 0 0 0 0 0 0 0 0 0 0"
					"row2" "0 0 0 0 0 0 0 0 0 0 0 0 0 0 0 0"
					"row3" "0 0 0 0 0 0 0 0 0 0 0 0 0 0 0 0"
					"row4" "0 0 0 0 0 0 0 0 0 0 0 0 0 0 0 0"
					"row5" "0 0 0 0 0 0 0 0 0 0 0 0 0 0 0 0"
					"row6" "0 0 0 0 0 0 0 0 0 0 0 0 0 0 0 0"
					"row7" "0 0 0 0 0 0 0 0 0 0 0 0 0 0 0 0"
				}
				allowed_verts
				{
					"10" "-1 -1 -1 -1 -1 -1 -1 -1 -1 -1"
				}
			}
		}
		side
		{
			"id" "2"
			"plane" "(0 226.8741 -64) (0 0 -64) (226.8741 0 -64)"
			"material" "CONCRETE/CONCRETEFLOOR005A"
			"uaxis" "[1 0 0 0] 0.25"
			"vaxis" "[0 -1 0 0] 0.25"
			"rotation" "0"
			"lightmapscale" "16"
			"smoothing_groups" "0"
		}
		side
		{
			"id" "3"
			"plane" "(0 0 -64) (0 226.8741 -64) (0 226.8741 0)"
			"material" "CONCRETE/CONCRETEFLOOR005A"
			"uaxis" "[0 1 0 0] 0.25"
			"vaxis" "[0 0 -1 0] 0.25"
			"rotation" "0"
			"lightmapscale" "16"
			"smoothing_groups" "0"
		}
		side
		{
			"id" "4"
			"plane" "(226.8741 226.8741 -64) (226.8741 0 -64) (226.8741 0 0)"
			"material" "CONCRETE/CONCRETEFLOOR005A"
			"uaxis" "[0 1 0 0] 0.25"
			"vaxis" "[0 0 -1 0] 0.25"
			"rotation" "0"
			"lightmapscale" "16"
			"smoothing_groups" "0"
		}
		side
		{
			"id" "5"
			"plane" "(0 226.8741 -64) (226.8741 226.8741 -64) (226.8741 226.8741 0)"
			"material" "CONCRETE/CONCRETEFLOOR005A"
			"uaxis" "[1 0 0 0] 0.25"
			"vaxis" "[0 0 -1 0] 0.25"
			"rotation" "0"
			"lightmapscale" "16"
			"smoothing_groups" "0"
		}
		side
		{
			"id" "6"
			"plane" "(226.8741 0 -64) (0 0 -64) (0 0 0)"
			"material" "CONCRETE/CONCRETEFLOOR005A"
			"uaxis" "[1 0 0 0] 0.25"
			"vaxis" "[0 0 -1 0] 0.25"
			"rotation" "0"
			"lightmapscale" "16"
			"smoothing_groups" "0"
		}
		editor
		{
			"color" "0 173 190"
			"visgroupshown" "1"
			"visgroupautoshown" "1"
		}
	}
}
cameras
{
	"activecamera" "-1"
}
cordon
{
	"mins" "(-1024 -1024 -1024)"
	"maxs" "(1024 1024 1024)"
	"active" "0"
}
