versioninfo
{
	"editorversion" "400"
	"editorbuild" "6081"
	"mapversion" "2"
	"formatversion" "100"
	"prefab" "0"
}
visgroups
{
}
viewsettings
{
	"bSnapToGrid" "1"
	"bShowGrid" "1"
	"bShowLogicalGrid" "0"
	"nGridSpacing" "64"
	"bShow3DGrid" "0"
}
world
{
	"id" "1"
	"mapversion" "2"
	"classname" "worldspawn"
	"detailmaterial" "detail/detailsprites"
	"detailvbsp" "detail.vbsp"
	"maxpropscreenwidth" "-1"
	"skyname" "sky_day01_01"
	solid
	{
		"id" "2"
		side
		{
			"id" "1"
			"plane" "(0 0 0) (0 453.748 0) (453.748 453.748 0)"
			"material" "BRICK/INFWLLA"
			"uaxis" "[1 0 0 0] 0.886229"
			"vaxis" "[0 -1 0 0] 0.88623"
			"rotation" "0"
			"lightmapscale" "16"
			"smoothing_groups" "0"
			dispinfo
			{
				"power" "4"
				"startposition" "[0 0 0]"
				"flags" "0"
				"elevation" "0"
				"subdiv" "0"
				normals
				{
					"row0" "0.375629 0.375629 0.847234 0.334272 0.381995 0.861592 0.290891 0.387783 0.874647 0.245639 0.392892 0.88617 0.198723 0.397226 0.895947 0.150401 0.4007 0.903781 0.100977 0.403238 0.909507 0.0507948 0.404787 0.912999 0.0002248 0.40531 0.914179 -0.0503469 0.404796 0.91302 -0.100534 0.403257 0.909548 -0.149967 0.400726 0.903841 -0.1983 0.397261 0.896025 -0.245229 0.392934 0.886265 -0.290497 0.387831 0.874756 -0.333896 0.382049 0.861715 -0.375271 0.375688 0.847367"
					"row1" "0.381995 0.334272 0.861592 0.246471 0.246471 0.937285 0.210395 0.23419 0.949152 0.174843 0.224849 0.958579 0.138314 0.216872 0.966352 0.10494 0.208368 0.972404 0.0690295 0.203339 0.976672 0.0347154 0.201799 0.978811 0.00025022 0.200014 0.979793 -0.034216 0.201803 0.978828 -0.0685331 0.203346 0.976705 -0.104449 0.208379 0.972455 -0.139752 0.216828 0.966155 -0.174368 0.224869 0.95866 -0.209931 0.234214 0.949248 -0.246022 0.2465 0.937396 -0.381633 0.334326 0.861732"
					"row2" "0.387783 0.290891 0.874647 0.23419 0.210395 0.949152 0.0958607 0.0958607 0.990768 0.0727237 0.0598732 0.995553 0.051539 0.030338 0.99821 0.0370529 0.00750373 0.999285 0.0225203 -0.0107942 0.999688 0.0102605 -0.0222325 0.9997 0.00028801 -0.0245201 0.999699 -0.00968449 -0.0222326 0.999706 -0.0219445 -0.0107943 0.999701 -0.0364778 0.00750389 0.999306 -0.0532434 0.0303353 0.998121 -0.0721531 0.0598757 0.995595 -0.095295 0.095866 0.990822 -0.23555 0.210324 0.948831 -0.387417 0.290939 0.874793"
					"row3" "0.392892 0.245639 0.88617 0.224849 0.174843 0.958579 0.0598732 0.0727237 0.995553 -0.0704884 -0.0704884 0.995019 -0.0709957 -0.136978 0.988027 -0.0630784 -0.191141 0.979534 -0.0443863 -0.22825 0.97259 -0.0232723 -0.251662 0.967535 0.00034348 -0.259389 0.965773 0.0239601 -0.251658 0.96752 0.0450767 -0.228243 0.97256 0.061016 -0.191166 0.979659 0.0716949 -0.136971 0.987977 0.0711925 -0.0704848 0.994969 -0.0615714 0.0727162 0.99545 -0.224384 0.174862 0.958684 -0.392523 0.245681 0.886322"
					"row4" "0.397226 0.198723 0.895947 0.216872 0.138314 0.966352 0.030338 0.051539 0.99821 -0.136978 -0.0709957 0.988027 -0.246853 -0.246853 0.937085 -0.202522 -0.354569 0.912834 -0.143314 -0.42984 0.891459 -0.073844 -0.471716 0.878653 0.00042976 -0.486203 0.873846 0.0747034 -0.471686 0.878596 0.144173 -0.429786 0.891346 0.203383 -0.354504 0.912668 0.247718 -0.246796 0.936871 0.137667 -0.0709889 0.987931 -0.0297633 0.0515399 0.998227 -0.216402 0.138328 0.966455 -0.396855 0.198758 0.896103"
					"row5" "0.4007 0.150401 0.903781 0.208368 0.10494 0.972404 0.00750373 0.0370529 0.999285 -0.191141 -0.0630784 0.979534 -0.354569 -0.202522 0.912834 -0.417713 -0.417713 0.806866 -0.294729 -0.577339 0.761455 -0.150463 -0.66542 0.731148 0.00057462 -0.692808 0.721122 0.151601 -0.665303 0.731019 0.295837 -0.577132 0.761183 0.418774 -0.417488 0.806432 0.355353 -0.202457 0.912543 0.191812 -0.06307 0.979403 -0.00692794 0.037053 0.999289 -0.209779 0.104908 0.972104 -0.400326 0.150428 0.903942"
					"row6" "0.403238 0.100977 0.909507 0.203339 0.0690295 0.976672 -0.0107942 0.0225203 0.999688 -0.22825 -0.0443863 0.97259 -0.42984 -0.143314 0.891459 -0.577339 -0.294729 0.761455 -0.566959 -0.566959 0.597591 -0.290874 -0.790857 0.538459 0.00086798 -0.855948 0.517062 0.292528 -0.79044 0.538175 0.568318 -0.566314 0.596911 0.578147 -0.294523 0.760922 0.427712 -0.143475 0.892456 0.228906 -0.0443793 0.972436 0.0113702 0.0225201 0.999682 -0.20476 0.0690087 0.976377 -0.402864 0.100996 0.909671"
					"row7" "0.404787 0.0507948 0.912999 0.201799 0.0347154 0.978811 -0.0222325 0.0102605 0.9997 -0.251662 -0.0232723 0.967535 -0.471716 -0.073844 0.878653 -0.66542 -0.150463 0.731148 -0.790857 -0.290874 0.538459 -0.671167 -0.671167 0.314753 0.00174704 -0.964616 0.263652 0.67345 -0.66929 0.313873 0.791532 -0.290459 0.53769 0.663484 -0.15081 0.732834 0.472388 -0.0738139 0.878294 0.249746 -0.0232843 0.968032 0.0205217 0.0102608 0.999737 -0.20132 0.0347189 0.97891 -0.404411 0.050804 0.913165"
					"row8" "0.40531 0.0002248 0.914179 0.200014 0.00025022 0.979793 -0.0245201 0.00028801 0.999699 -0.259389 0.00034348 0.965773 -0.486203 0.00042976 0.873846 -0.692808 0.00057462 0.721122 -0.855948 0.00086798 0.517062 -0.964616 0.00174704 0.263652 0.707107 0.707107 0 0.964858 0.00174117 0.262766 0.856411 0.00086669 0.516294 0.691026 0.00057598 0.72283 0.486859 0.00042958 0.87348 0.257483 0.00034366 0.966283 0.0250958 0.00028801 0.999685 -0.199534 0.00025024 0.979891 -0.404934 0.00022484 0.914346"
					"row9" "0.404796 -0.0503469 0.91302 0.201803 -0.034216 0.978828 -0.0222326 -0.00968449 0.999706 -0.251658 0.0239601 0.96752 -0.471686 0.0747034 0.878596 -0.665303 0.151601 0.731019 -0.79044 0.292528 0.538175 -0.66929 0.67345 0.313873 0.00174117 0.964858 0.262766 0.671577 0.671577 0.313 0.791116 0.29211 0.537407 0.663367 0.151951 0.732704 0.472358 0.074673 0.878238 0.249741 0.0239724 0.968016 0.0205218 -0.00968485 0.999743 -0.201323 -0.0342195 0.978927 -0.40442 -0.0503561 0.913186"
					"row10" "0.403257 -0.100534 0.909548 0.203346 -0.0685331 0.976705 -0.0107943 -0.0219445 0.999701 -0.228243 0.0450767 0.97256 -0.429786 0.144173 0.891346 -0.577132 0.295837 0.761183 -0.566314 0.568318 0.596911 -0.290459 0.791532 0.53769 0.00086669 0.856411 0.516294 0.29211 0.791116 0.537407 0.567673 0.567673 0.596234 0.57794 0.29563 0.76065 0.427658 0.144334 0.892343 0.228899 0.0450696 0.972406 0.0113703 -0.0219444 0.999695 -0.204767 -0.0685123 0.97641 -0.402882 -0.100553 0.909712"
					"row11" "0.400726 -0.149967 0.903841 0.208379 -0.104449 0.972455 0.00750389 -0.0364778 0.999306 -0.191166 0.061016 0.979659 -0.354504 0.203383 0.912668 -0.417488 0.418774 0.806432 -0.294523 0.578147 0.760922 -0.15081 0.663484 0.732834 0.00057598 0.691026 0.72283 0.151951 0.663367 0.732704 0.29563 0.57794 0.76065 0.418549 0.418549 0.805999 0.355288 0.203318 0.912377 0.191837 0.0610078 0.979529 -0.00692809 -0.036478 0.99931 -0.20979 -0.104417 0.972155 -0.400353 -0.149993 0.904002"
					"row12" "0.397261 -0.1983 0.896025 0.216828 -0.139752 0.966155 0.0303353 -0.0532434 0.998121 -0.136971 0.0716949 0.987977 -0.246796 0.247718 0.936871 -0.202457 0.355353 0.912543 -0.143475 0.427712 0.892456 -0.0738139 0.472388 0.878294 0.00042958 0.486859 0.87348 0.074673 0.472358 0.878238 0.144334 0.427658 0.892343 0.203318 0.355288 0.912377 0.247661 0.247661 0.936658 0.137661 0.071688 0.987882 -0.0297606 -0.0532443 0.998138 -0.216357 -0.139767 0.966258 -0.39689 -0.198335 0.896182"
					"row13" "0.392934 -0.245229 0.886265 0.224869 -0.174368 0.95866 0.0598757 -0.0721531 0.995595 -0.0704848 0.0711925 0.994969 -0.0709889 0.137667 0.987931 -0.06307 0.191812 0.979403 -0.0443793 0.228906 0.972436 -0.0232843 0.249746 0.968032 0.00034366 0.257483 0.966283 0.0239724 0.249741 0.968016 0.0450696 0.228899 0.972406 0.0610078 0.191837 0.979529 0.071688 0.137661 0.987882 0.071189 0.071189 0.994919 -0.0615739 -0.0721456 0.995492 -0.224404 -0.174387 0.958766 -0.392565 -0.245272 0.886417"
					"row14" "0.387831 -0.290497 0.874756 0.234214 -0.209931 0.949248 0.095866 -0.095295 0.990822 0.0727162 -0.0615714 0.99545 0.0515399 -0.0297633 0.998227 0.037053 -0.00692794 0.999289 0.0225201 0.0113702 0.999682 0.0102608 0.0205217 0.999737 0.00028801 0.0250958 0.999685 -0.00968485 0.0205218 0.999743 -0.0219444 0.0113703 0.999695 -0.036478 -0.00692809 0.99931 -0.0532443 -0.0297606 0.998138 -0.0721456 -0.0615739 0.995492 -0.0953002 -0.0953002 0.990876 -0.235574 -0.209861 0.948927 -0.387466 -0.290545 0.874902"
					"row15" "0.382049 -0.333896 0.861715 0.2465 -0.246022 0.937396 0.210324 -0.23555 0.948831 0.174862 -0.224384 0.958684 0.138328 -0.216402 0.966455 0.104908 -0.209779 0.972104 0.0690087 -0.20476 0.976377 0.0347189 -0.20132 0.97891 0.00025024 -0.199534 0.979891 -0.0342195 -0.201323 0.978927 -0.0685123 -0.204767 0.97641 -0.104417 -0.20979 0.972155 -0.139767 -0.216357 0.966258 -0.174387 -0.224404 0.958766 -0.209861 -0.235574 0.948927 -0.246051 -0.246051 0.937506 -0.381687 -0.33395 0.861854"
					"row16" "0.375688 -0.375271 0.847367 0.334326 -0.381633 0.861732 0.290939 -0.387417 0.874793 0.245681 -0.392523 0.886322 0.198758 -0.396855 0.896103 0.150428 -0.400326 0.903942 0.100996 -0.402864 0.909671 0.050804 -0.404411 0.913165 0.00022484 -0.404934 0.914346 -0.0503561 -0.40442 0.913186 -0.100553 -0.402882 0.909712 -0.149993 -0.400353 0.904002 -0.198335 -0.39689 0.896182 -0.245272 -0.392565 0.886417 -0.290545 -0.387466 0.874902 -0.33395 -0.381687 0.861854 -0.37533 -0.37533 0.847499"
				}
				distances
				{
					"row0" "604.32 594.248 585.379 577.767 571.463 566.509 562.943 560.789 560.065 560.776 562.917 566.471 571.413 577.705 585.306 594.164 604.225"
					"row1" "594.248 525.987 519.411 514.303 510.166 506.991 504.776 503.672 503.168 503.663 504.758 506.964 510.27 514.259 519.358 525.925 594.152"
					"row2" "585.379 519.411 441.072 438.952 437.784 437.313 437.136 437.131 437.131 437.129 437.131 437.303 437.823 438.934 441.048 519.587 585.282"
					"row3" "577.767 514.303 438.952 355.772 358.29 361.397 363.977 365.878 366.546 365.884 363.988 361.35 358.308 355.79 438.997 514.247 577.668"
					"row4" "571.463 510.166 437.784 358.29 273.188 280.445 287.17 291.355 292.958 291.374 287.206 280.496 273.25 358.324 437.776 510.112 571.363"
					"row5" "566.509 506.991 437.313 361.397 280.445 195.82 207.497 216.099 219.103 216.137 207.572 195.925 280.535 361.445 437.311 507.147 566.408"
					"row6" "562.943 504.776 437.136 363.977 287.17 207.497 125.504 139.286 145.05 139.36 125.647 207.643 286.849 364.034 437.139 504.928 562.841"
					"row7" "560.789 503.672 437.131 365.878 291.355 216.099 139.286 60.3647 72.0647 60.534 139.486 215.601 291.474 365.691 437.115 503.621 560.687"
					"row8" "560.065 503.168 437.131 366.546 292.958 219.103 145.05 72.0647 0.17805 72.3077 145.266 218.585 293.08 366.352 437.138 503.117 559.963"
					"row9" "560.776 503.663 437.129 365.884 291.374 216.137 139.36 60.534 72.3077 60.7029 139.559 215.64 291.493 365.697 437.112 503.613 560.674"
					"row10" "562.917 504.758 437.131 363.988 287.206 207.572 125.647 139.486 145.266 139.559 125.79 207.717 286.885 364.045 437.134 504.911 562.816"
					"row11" "566.471 506.964 437.303 361.35 280.496 195.925 207.643 215.601 218.585 215.64 207.717 196.03 280.586 361.398 437.302 507.121 566.37"
					"row12" "571.413 510.27 437.823 358.308 273.25 280.535 286.849 291.474 293.08 291.493 286.885 280.586 273.312 358.342 437.815 510.216 571.313"
					"row13" "577.705 514.259 438.934 355.79 358.324 361.445 364.034 365.691 366.352 365.697 364.045 361.398 358.342 355.808 438.979 514.203 577.607"
					"row14" "585.306 519.358 441.048 438.997 437.776 437.311 437.139 437.115 437.138 437.112 437.134 437.302 437.815 438.979 441.024 519.534 585.208"
					"row15" "594.164 525.925 519.587 514.247 510.112 507.147 504.928 503.621 503.117 503.613 504.911 507.121 510.216 514.203 519.534 525.863 594.068"
					"row16" "604.225 594.152 585.282 577.668 571.363 566.408 562.841 560.687 559.963 560.674 562.816 566.37 571.313 577.607 585.208 594.068 604.13"
				}
				offsets
				{
					"row0" "0 0 0 0 0 0 0 0 0 0 0 0 0 0 0 0 0 0 0 0 0 0 0 0 0 0 0 0 0 0 0 0 0 0 0 0 0 0 0 0 0 0 0 0 0 0 0 0 0 0 0"
					"row1" "0 0 0 0 0 0 0 0 0 0 0 0 0 0 0 0 0 0 0 0 0 0 0 0 0 0 0 0 0 0 0 0 0 0 0 0 0 0 0 0 0 0 0 0 0 0 0 0 0 0 0"
					"row2" "0 0 0 0 0 0 0 0 0 0 0 0 0 0 0 0 0 0 0 0 0 0 0 0 0 0 0 0 0 0 0 0 0 0 0 0 0 0 0 0 0 0 0 0 0 0 0 0 0 0 0"
					"row3" "0 0 0 0 0 0 0 0 0 0 0 0 0 0 0 0 0 0 0 0 0 0 0 0 0 0 0 0 0 0 0 0 0 0 0 0 0 0 0 0 0 0 0 0 0 0 0 0 0 0 0"
					"row4" "0 0 0 0 0 0 0 0 0 0 0 0 0 0 0 0 0 0 0 0 0 0 0 0 0 0 0 0 0 0 0 0 0 0 0 0 0 0 0 0 0 0 0 0 0 0 0 0 0 0 0"
					"row5" "0 0 0 0 0 0 0 0 0 0 0 0 0 0 0 0 0 0 0 0 0 0 0 0 0 0 0 0 0 0 0 0 0 0 0 0 0 0 0 0 0 0 0 0 0 0 0 0 0 0 0"
					"row6" "0 0 0 0 0 0 0 0 0 0 0 0 0 0 0 0 0 0 0 0 0 0 0 0 0 0 0 0 0 0 0 0 0 0 0 0 0 0 0 0 0 0 0 0 0 0 0 0 0 0 0"
					"row7" "0 0 0 0 0 0 0 0 0 0 0 0 0 0 0 0 0 0 0 0 0 0 0 0 0 0 0 0 0 0 0 0 0 0 0 0 0 0 0 0 0 0 0 0 0 0 0 0 0 0 0"
					"row8" "0 0 0 0 0 0 0 0 0 0 0 0 0 0 0 0 0 0 0 0 0 0 0 0 0 0 0 0 0 0 0 0 0 0 0 0 0 0 0 0 0 0 0 0 0 0 0 0 0 0 0"
					"row9" "0 0 0 0 0 0 0 0 0 0 0 0 0 0 0 0 0 0 0 0 0 0 0 0 0 0 0 0 0 0 0 0 0 0 0 0 0 0 0 0 0 0 0 0 0 0 0 0 0 0 0"
					"row10" "0 0 0 0 0 0 0 0 0 0 0 0 0 0 0 0 0 0 0 0 0 0 0 0 0 0 0 0 0 0 0 0 0 0 0 0 0 0 0 0 0 0 0 0 0 0 0 0 0 0 0"
					"row11" "0 0 0 0 0 0 0 0 0 0 0 0 0 0 0 0 0 0 0 0 0 0 0 0 0 0 0 0 0 0 0 0 0 0 0 0 0 0 0 0 0 0 0 0 0 0 0 0 0 0 0"
					"row12" "0 0 0 0 0 0 0 0 0 0 0 0 0 0 0 0 0 0 0 0 0 0 0 0 0 0 0 0 0 0 0 0 0 0 0 0 0 0 0 0 0 0 0 0 0 0 0 0 0 0 0"
					"row13" "0 0 0 0 0 0 0 0 0 0 0 0 0 0 0 0 0 0 0 0 0 0 0 0 0 0 0 0 0 0 0 0 0 0 0 0 0 0 0 0 0 0 0 0 0 0 0 0 0 0 0"
					"row14" "0 0 0 0 0 0 0 0 0 0 0 0 0 0 0 0 0 0 0 0 0 0 0 0 0 0 0 0 0 0 0 0 0 0 0 0 0 0 0 0 0 0 0 0 0 0 0 0 0 0 0"
					"row15" "0 0 0 0 0 0 0 0 0 0 0 0 0 0 0 0 0 0 0 0 0 0 0 0 0 0 0 0 0 0 0 0 0 0 0 0 0 0 0 0 0 0 0 0 0 0 0 0 0 0 0"
					"row16" "0 0 0 0 0 0 0 0 0 0 0 0 0 0 0 0 0 0 0 0 0 0 0 0 0 0 0 0 0 0 0 0 0 0 0 0 0 0 0 0 0 0 0 0 0 0 0 0 0 0 0"
				}
				offset_normals
				{
					"row0" "0 0 1 0 0 1 0 0 1 0 0 1 0 0 1 0 0 1 0 0 1 0 0 1 0 0 1 0 0 1 0 0 1 0 0 1 0 0 1 0 0 1 0 0 1 0 0 1 0 0 1"
					"row1" "0 0 1 0 0 1 0 0 1 0 0 1 0 0 1 0 0 1 0 0 1 0 0 1 0 0 1 0 0 1 0 0 1 0 0 1 0 0 1 0 0 1 0 0 1 0 0 1 0 0 1"
					"row2" "0 0 1 0 0 1 0 0 1 0 0 1 0 0 1 0 0 1 0 0 1 0 0 1 0 0 1 0 0 1 0 0 1 0 0 1 0 0 1 0 0 1 0 0 1 0 0 1 0 0 1"
					"row3" "0 0 1 0 0 1 0 0 1 0 0 1 0 0 1 0 0 1 0 0 1 0 0 1 0 0 1 0 0 1 0 0 1 0 0 1 0 0 1 0 0 1 0 0 1 0 0 1 0 0 1"
					"row4" "0 0 1 0 0 1 0 0 1 0 0 1 0 0 1 0 0 1 0 0 1 0 0 1 0 0 1 0 0 1 0 0 1 0 0 1 0 0 1 0 0 1 0 0 1 0 0 1 0 0 1"
					"row5" "0 0 1 0 0 1 0 0 1 0 0 1 0 0 1 0 0 1 0 0 1 0 0 1 0 0 1 0 0 1 0 0 1 0 0 1 0 0 1 0 0 1 0 0 1 0 0 1 0 0 1"
					"row6" "0 0 1 0 0 1 0 0 1 0 0 1 0 0 1 0 0 1 0 0 1 0 0 1 0 0 1 0 0 1 0 0 1 0 0 1 0 0 1 0 0 1 0 0 1 0 0 1 0 0 1"
					"row7" "0 0 1 0 0 1 0 0 1 0 0 1 0 0 1 0 0 1 0 0 1 0 0 1 0 0 1 0 0 1 0 0 1 0 0 1 0 0 1 0 0 1 0 0 1 0 0 1 0 0 1"
					"row8" "0 0 1 0 0 1 0 0 1 0 0 1 0 0 1 0 0 1 0 0 1 0 0 1 0 0 1 0 0 1 0 0 1 0 0 1 0 0 1 0 0 1 0 0 1 0 0 1 0 0 1"
					"row9" "0 0 1 0 0 1 0 0 1 0 0 1 0 0 1 0 0 1 0 0 1 0 0 1 0 0 1 0 0 1 0 0 1 0 0 1 0 0 1 0 0 1 0 0 1 0 0 1 0 0 1"
					"row10" "0 0 1 0 0 1 0 0 1 0 0 1 0 0 1 0 0 1 0 0 1 0 0 1 0 0 1 0 0 1 0 0 1 0 0 1 0 0 1 0 0 1 0 0 1 0 0 1 0 0 1"
					"row11" "0 0 1 0 0 1 0 0 1 0 0 1 0 0 1 0 0 1 0 0 1 0 0 1 0 0 1 0 0 1 0 0 1 0 0 1 0 0 1 0 0 1 0 0 1 0 0 1 0 0 1"
					"row12" "0 0 1 0 0 1 0 0 1 0 0 1 0 0 1 0 0 1 0 0 1 0 0 1 0 0 1 0 0 1 0 0 1 0 0 1 0 0 1 0 0 1 0 0 1 0 0 1 0 0 1"
					"row13" "0 0 1 0 0 1 0 0 1 0 0 1 0 0 1 0 0 1 0 0 1 0 0 1 0 0 1 0 0 1 0 0 1 0 0 1 0 0 1 0 0 1 0 0 1 0 0 1 0 0 1"
					"row14" "0 0 1 0 0 1 0 0 1 0 0 1 0 0 1 0 0 1 0 0 1 0 0 1 0 0 1 0 0 1 0 0 1 0 0 1 0 0 1 0 0 1 0 0 1 0 0 1 0 0 1"
					"row15" "0 0 1 0 0 1 0 0 1 0 0 1 0 0 1 0 0 1 0 0 1 0 0 1 0 0 1 0 0 1 0 0 1 0 0 1 0 0 1 0 0 1 0 0 1 0 0 1 0 0 1"
					"row16" "0 0 1 0 0 1 0 0 1 0 0 1 0 0 1 0 0 1 0 0 1 0 0 1 0 0 1 0 0 1 0 0 1 0 0 1 0 0 1 0 0 1 0 0 1 0 0 1 0 0 1"
				}
				alphas
				{
					"row0" "0 0 0 0 0 0 0 0 0 0 0 0 0 0 0 0 0"
					"row1" "0 0 0 0 0 0 0 0 0 0 0 0 0 0 0 0 0"
					"row2" "0 0 0 0 0 0 0 0 0 0 0 0 0 0 0 0 0"
					"row3" "0 0 0 0 0 0 0 0 0 0 0 0 0 0 0 0 0"
					"row4" "0 0 0 0 0 0 0 0 0 0 0 0 0 0 0 0 0"
					"row5" "0 0 0 0 0 0 0 0 0 0 0 0 0 0 0 0 0"
					"row6" "0 0 0 0 0 0 0 0 0 0 0 0 0 0 0 0 0"
					"row7" "0 0 0 0 0 0 0 0 0 0 0 0 0 0 0 0 0"
					"row8" "0 0 0 0 0 0 0 0 0 0 0 0 0 0 0 0 0"
					"row9" "0 0 0 0 0 0 0 0 0 0 0 0 0 0 0 0 0"
					"row10" "0 0 0 0 0 0 0 0 0 0 0 0 0 0 0 0 0"
					"row11" "0 0 0 0 0 0 0 0 0 0 0 0 0 0 0 0 0"
					"row12" "0 0 0 0 0 0 0 0 0 0 0 0 0 0 0 0 0"
					"row13" "0 0 0 0 0 0 0 0 0 0 0 0 0 0 0 0 0"
					"row14" "0 0 0 0 0 0 0 0 0 0 0 0 0 0 0 0 0"
					"row15" "0 0 0 0 0 0 0 0 0 0 0 0 0 0 0 0 0"
					"row16" "0 0 0 0 0 0 0 0 0 0 0 0 0 0 0 0 0"
				}
				triangle_tags
				{
					"row0" "0 0 0 0 0 0 0 0 0 0 0 0 0 0 0 0 0 0 0 0 0 9 0 0 0 0 0 0 0 0 0 0"
					"row1" "0 0 0 0 0 0 0 0 0 0 0 0 0 0 0 0 0 0 0 0 0 0 0 0 0 0 0 0 0 0 0 0"
					"row2" "0 0 0 0 0 0 0 0 0 0 0 0 0 0 0 0 0 0 0 0 0 0 0 0 0 0 0 0 0 0 0 0"
					"row3" "0 0 0 0 0 0 0 0 0 0 0 0 0 0 0 0 0 0 0 0 0 0 0 0 0 0 0 0 0 0 0 0"
					"row4" "0 0 0 0 0 0 0 0 0 0 0 0 0 0 0 0 0 0 0 0 0 0 0 0 0 0 0 0 0 0 0 0"
					"row5" "0 0 0 0 0 0 0 0 0 0 0 0 0 0 0 0 0 0 0 0 0 0 0 0 0 0 0 0 0 0 0 0"
					"row6" "0 0 0 0 0 0 0 0 0 0 0 0 9 9 9 9 9 9 9 9 0 0 0 0 0 0 0 0 0 0 0 0"
					"row7" "0 0 0 0 0 0 0 0 0 0 0 0 9 9 9 9 9 9 9 9 0 0 0 0 0 0 0 0 0 0 0 0"
					"row8" "0 0 0 0 0 0 0 0 0 0 0 0 9 9 9 9 9 9 9 9 0 0 0 0 0 0 0 0 0 0 0 0"
					"row9" "0 0 0 0 0 0 0 0 0 0 0 0 9 9 9 9 9 9 9 9 0 0 0 0 0 0 0 0 0 0 0 0"
					"row10" "0 0 0 0 0 0 0 0 0 0 0 0 0 0 0 0 0 0 0 0 0 0 0 0 0 0 0 0 0 0 0 0"
					"row11" "0 0 0 0 0 0 0 0 0 0 0 0 0 0 0 0 0 0 0 0 0 0 0 0 0 0 0 0 0 0 0 0"
					"row12" "0 0 0 0 0 0 0 0 0 0 0 0 0 0 0 0 0 0 0 0 0 0 0 0 0 0 0 0 0 0 0 0"
					"row13" "0 0 0 0 0 0 0 0 0 0 0 0 0 0 0 0 0 0 0 0 0 0 0 0 0 0 0 0 0 0 0 0"
					"row14" "0 0 0 0 0 0 0 0 0 0 0 0 0 0 0 0 0 0 0 0 0 0 0 0 0 0 0 0 0 0 0 0"
					"row15" "0 0 0 0 0 0 0 0 0 0 0 0 0 0 0 0 0 0 0 0 0 0 0 0 0 0 0 0 0 0 0 0"
				}
				allowed_verts
				{
					"10" "-1 -1 -1 -1 -1 -1 -1 -1 -1 -1"
				}
			}
		}
		side
		{
			"id" "2"
			"plane" "(0 453.748 -64) (0 0 -64) (453.748 0 -64)"
			"material" "BRICK/INFWLLA"
			"uaxis" "[1 0 0 0] 0.25"
			"vaxis" "[0 -1 0 0] 0.25"
			"rotation" "0"
			"lightmapscale" "16"
			"smoothing_groups" "0"
		}
		side
		{
			"id" "3"
			"plane" "(0 0 -64) (0 453.748 -64) (0 453.748 0)"
			"material" "BRICK/INFWLLA"
			"uaxis" "[0 1 0 0] 0.25"
			"vaxis" "[0 0 -1 0] 0.25"
			"rotation" "0"
			"lightmapscale" "16"
			"smoothing_groups" "0"
		}
		side
		{
			"id" "4"
			"plane" "(453.748 453.748 -64) (453.748 0 -64) (453.748 0 0)"
			"material" "BRICK/INFWLLA"
			"uaxis" "[0 1 0 0] 0.25"
			"vaxis" "[0 0 -1 0] 0.25"
			"rotation" "0"
			"lightmapscale" "16"
			"smoothing_groups" "0"
		}
		side
		{
			"id" "5"
			"plane" "(0 453.748 -64) (453.748 453.748 -64) (453.748 453.748 0)"
			"material" "BRICK/INFWLLA"
			"uaxis" "[1 0 0 0] 0.25"
			"vaxis" "[0 0 -1 0] 0.25"
			"rotation" "0"
			"lightmapscale" "16"
			"smoothing_groups" "0"
		}
		side
		{
			"id" "6"
			"plane" "(453.748 0 -64) (0 0 -64) (0 0 0)"
			"material" "BRICK/INFWLLA"
			"uaxis" "[1 0 0 0] 0.25"
			"vaxis" "[0 0 -1 0] 0.25"
			"rotation" "0"
			"lightmapscale" "16"
			"smoothing_groups" "0"
		}
		editor
		{
			"color" "0 173 190"
			"visgroupshown" "1"
			"visgroupautoshown" "1"
		}
	}
}
cameras
{
	"activecamera" "-1"
}
cordon
{
	"mins" "(-1024 -1024 -1024)"
	"maxs" "(1024 1024 1024)"
	"active" "0"
}
